SpeciesID	sample_1	sample_2	sample_3	sample_4	sample_5
Lactococcus_lactis	0	0.0151431015474312	0.00864478110494475	0.0227138359366902	0.00606986075330313
Streptococcus_agalactiae	0.00828075853988549	0.00503701108121695	0.00347800555214656	0	0
Streptococcus_mutans	0.0450614285834825	0.0102368238746485	0.0102542742761775	0.00756776625576538	0.00349960424703192
Bifidobacterium_longum	0.00757198596005035	0.00277643781339154	0.00169500136289177	0.0206081340502253	0
Staphylococcus_epidermidis	0.00727964268961056	0.00961033161703406	0	0.0216894797622162	0.0211019535441402
Cutibacterium_acnes	0	0	0	0.00493779913277454	0.0256959446938669
Helicobacter_pylori	0	0.00554834912139361	0	0	0.00653025533492871
Clostridioides_difficile	0.00486194577717328	0.0083717903036817	0	0	0
Finegoldia_magna	0.0063365144167358	0.0259146415289966	0.0109897546400159	0.00160569446375123	0
Bifidobacterium_adolescentis	0.0193742336819328	0.0277544540363155	0.0130117928440723	0.0025014771619401	0.167363332006325
Rothia_mucilaginosa	0	0.0121251131102769	0	0.00157942192440061	0.00843733571949264
Methanosphaera_stadtmanae	0.00956071629437166	0.0158655748315293	0	0	0.0106835138500998
Parabacteroides_distasonis	0.000790164961375214	0.012788333055674	0	0.0146182110268721	0.0191286927024229
Clostridium_perfringens	0	0.00436262185115846	0.03408013412963	0	0.0565102375607256
Methanobrevibacter_smithii	0.0026401939532009	0.0317090152724138	0.0246613845650679	0.0623152091353111	0
Lactobacillus_reuteri	0.01073256766949	0	0	0	0.00299804246826426
Campylobacter_hominis	0.00193049821228249	0.0117319171550943	0.0145915997308612	0.00555409281713659	0.0583893009427196
Clostridium_botulinum	0.00990121115375141	0.00358379143142297	0.00129501135606623	0.00894836092347906	0.0282886663273915
Akkermansia_muciniphila	0	0.00425227643142842	0.00300069897948283	0.00406397035552923	0.0064603992354484
Eubacterium_rectale	0.0206442529315447	0	0	0.0119016372683902	0
Bifidobacterium_animalis	0.0163501027312262	0.115799468664763	0	0	0.0205431854362917
Aggregatibacter_aphrophilus	0.00691803523307488	0.00250714718641823	0	0	0.021102513053875
Atopobium_parvulum	0.00348343703253303	0.00506707265592501	0.0313309454579669	0.0124322663592479	0.00528762670539684
Eggerthella_lenta	0.0121089935822597	0	0	0.00581010266455081	0.0218774976457884
Veillonella_parvula	0.0361058356074722	0	0	0.0228591419516058	0.00808938370519969
Gardnerella_vaginalis	0	0.0423626624650364	0.00889785219247403	0.00718712530026849	0
Lactobacillus_rhamnosus	0	0.00318533586863293	0.00964953984028834	0	0.0236892195453773
Mycoplasma_hominis	0.0185528707106155	0.0429304277303169	0.0141086402098048	0	0.014951664573058
Lactobacillus_crispatus	0.0133046925163724	0	0.00279147382819903	0	0
Prevotella_melaninogenica	0	0.0127564239940742	0.00717212246560091	0.0350918106956277	0.0144133465875811
Clostridium_saccharolyticum	0.00902487066919454	0.0149728391657434	0.00909200381850593	0	0.0077513387061557
Eubacterium_eligens	0	0.0228818398769034	0	0.00264734694481132	0.00158875039603642
Clostridium_scindens	0	0.00895077307721143	0	0	0.0102401068068253
Clostridium_hiranonis	0.0108054252170851	0.0113738617853399	0	0.00677963340320534	0.00911114715226357
Clostridium_hylemonae	0.0392299503142251	0.00567327627911068	0	0.0202206014950495	0.00673385557624687
Roseburia_intestinalis	0.00460909126975203	0.00737990056972774	0.00710360139150207	0.00804716912063631	0.028255077939763
Blautia_hansenii	0	0	0	0	0.00878436276612134
Fusobacterium_mortiferum	0.00515737445887748	0.00583206872658632	0	0.0206656602124514	0.00823488310401004
Fusobacterium_periodonticum	0.00248280445726166	0	0.025917444215171	0.00129256618702219	0.00751365988830908
Fusobacterium_nucleatum	0.00673325555864579	0.00915682880740483	0	0.00351065285559243	0.00159583852745772
Fusobacterium_ulcerans	0.0111960364782386	0	0.00292946769077523	0.00741382943173752	0
Oxalobacter_formigenes	0.0014625340379765	0.0162048319900568	0.00895398752162592	0.0335264569537951	0.0129947580844453
Hungatella_hathewayi	0	0.0052842358838165	0.0163360439438157	0.0170129107044308	0.00720457508635742
Faecalibacterium_prausnitzii	0.00473993363830548	0	0	0	0.0293611973206225
Streptococcus_parasanguinis	0.00180234452674101	0.016963954546061	0.0297233596170759	0.0131162051280384	0.016549795623908
Rothia_dentocariosa	0.00233351282204477	0.00878063882446714	0	0.0078301254415976	0.00781633278356956
Bifidobacterium_bifidum	0.0112694753757447	0.0125141135222949	0	0.00506711581963086	0
Collinsella_aerofaciens	0.00491927915637991	0.0183665785219666	0	0	0.0109403087220494
Gemella_haemolysans	0	0.00542786673188874	0	0.00221729793905597	0.000877338000362818
Anaerobutyricum_hallii	0.0260800993744521	0.0154335455080697	0	0.01126161742078	0
Enterococcus_faecium	0.00361014817193398	0.000945253279114267	0.0030272684001831	0.0210701854208576	0.0253275196962117
Peptoniphilus_harei	0	0.00806405129459628	0.00209924421634027	0	0
Lautropia_mirabilis	0.00846333966026822	0	0.0352954028945796	0.0122463082271088	0
Phascolarctobacterium_succinatutens	0.0183054775295231	0.012060063626078	0.0134535863738799	0.0034464477382529	0.00211592636952458
Odoribacter_splanchnicus	0	0.0309791585916974	0.0300227685658888	0	0.00839836216127044
Lactobacillus_plantarum	0.0443797880267831	0.00175108701966989	0.00935365726655099	0.0314933534252367	0
Paraprevotella_xylaniphila	0.022205328306573	0.0103105332403618	0.00241179218928591	0.007348795131689	0.00880089725284165
Ruminococcus_champanellensis	0	0	0.00831875269404802	0	0
Alistipes_shahii	0.0130963501627704	0.0201111027566179	0.00287886475875126	0.00198931489936002	0
Faecalitalea_cylindroides	0.0055158015197548	0.020177112300664	0.0194468343374869	0.041325671594936	0
Porphyromonas_asaccharolytica	0.00896304870105939	0.0046016795420595	0.10790182283309	0	0
Isoptericola_variabilis	0.0188063978655056	0	0	0.00520050744528147	0.00651931273575628
Lactobacillus_ruminis	0.00809144353185008	0.003032964716628	0.0119604261066396	0.0159324360910528	0
Roseburia_hominis	0.00722967594007452	0	0.00723650843063703	0.00234337934034259	0
Acidaminococcus_intestini	0	0.00696199113023001	0.0101671335863768	0.016883377369818	0.0167464259362174
Clostridium_sp_BNL1100	0.00194980221246558	0.00692964568366526	0.00153290950393613	0.0182448316119569	0
Fusobacterium_necrophorum	0.00545919435965328	0.00886561652398536	0	0.0131762003958947	0.00337568907290364
Alistipes_finegoldii	0.0518284584834756	0.009706537815437	0	0	0
Eggerthella_sp_YY7918	0.00335497126789871	0.0056540741373105	0.0112903280557247	0.00290146804994824	0
Leptotrichia_wadei	0	0.0403902102902144	0	0.0323916739536004	0
Blautia_producta	0.00798326751699784	0.0145915912913168	0.00519167166599537	0	0
Streptococcus_cristatus	0.00136135417408107	0.0121731368596098	0	0.00391010393825136	0.0101844509103466
Streptococcus_intermedius	0	0	0.016075718362938	0.0209810544409685	0.0168576639821388
Streptococcus_anginosus	0.00531586267040595	0.00903914155451973	0.00856034582050321	0	0.00336152225569792
Adlercreutzia_equolifaciens	0	0.00394052187590977	0	0.00201712005017269	0.0122629315785304
Ruminococcus_gnavus	0.110679676839962	0	0	0.00632210871002938	0.031094081343462
Parvimonas_micra	0.0026425997463421	0.00657679702208661	0.0121275707822212	0.0304268814125147	0.00584113657379891
Bifidobacterium_angulatum	0.0106333983745591	0	0	0	0
Bifidobacterium_breve	0.0164250076882357	0.00966054920245612	0.00983081163645478	0	0.0107460820432818
Bifidobacterium_pseudocatenulatum	0	0.00516696685224426	0	0	0.0213434076713742
Bifidobacterium_dentium	0	0	0	0.00199795320009881	0
Campylobacter_ureolyticus	0	0.00506172529944311	0.032407392224202	0.0907092738397978	0.00648585768845513
Campylobacter_concisus	0.00306592804761095	0.015594405887181	0.00865667367118763	0	0
Megasphaera_elsdenii	0.00556293078967617	0.00358273443161937	0.0159315545284256	0	0.0112632421237545
Weissella_cibaria	0.00265246505159263	0.0101697216234141	0.0812717709241768	0.0176439206334927	0.00734103773601206
Flavonifractor_plautii	0	0	0.00938923068457477	0.00609805640111512	0.00628534609037245
Lactobacillus_jensenii	0	0.014042674725439	0.00318839453899259	0.0598724257926442	0.014194560016516
Anaerostipes_hadrus	0.004067981226672	0.00498026542023852	0	0.00551667808378697	0
Bacteroides_caccae	0.0141693708214046	0.0103522216719107	0.116804959029998	0.00508313695984103	0
Bacteroides_intestinalis	0.0095890573916203	0.0116857567800267	0	0.00638704655648698	0.0122429777626695
Desulfovibrio_piger	0	0.0242899418938057	0.0287657641786109	0.00730948633611106	0.00566399828277031
Haemophilus_pittmaniae	0.000355821361214305	0.00327860928811329	0.00298093320693469	0.00136490144447347	0.00983145998379446
Gemella_morbillorum	0.175715875577551	0.00874024016637524	0.0540478359813174	0.00773650407729804	0
Streptococcus_australis	0.00488410738911914	0.0161712031533333	0	0.000569482086588724	0.00375077082835039
Veillonella_dispar	0	0.003743436607704	0.0186631518159052	0.0654651890973751	0.0133004367807162
