SpeciesID	sample_1	sample_2	sample_3	sample_4	sample_5
Lactococcus_lactis	0.000747390685215634	0.002371062930581	0	0.000570293459721731	0.00748422582580213
Streptococcus_agalactiae	0.00863444077396587	0.0129379422216591	0.0673739685675767	0.0479208427217459	0.0179431553103242
Streptococcus_mutans	0.0157985066447544	0.00583290475677534	0.0033292984867784	0.00744276444982419	0.00415795175579996
Bifidobacterium_longum	0.0416953598273623	0.00427716031536894	0	0	0
Staphylococcus_epidermidis	0.00384674103503014	0.00181282310855721	0	0	0.0167391644355082
Cutibacterium_acnes	0.0120031752401314	0.00263312295066293	0.0283992096325804	0.0164754847372923	0.00478703431418204
Helicobacter_pylori	0.0124781241788478	0	0.00730868457115273	0.0167247530189744	0.00274002860058879
Neisseria_meningitidis	0.0104596505017591	0.00415409177878652	0.00636766140336188	0	0.00291592795877268
Staphylococcus_saprophyticus	0.00107367927462161	0.00326189854192068	0.00643589574918577	0	0.0357305470089668
Finegoldia_magna	0.00208604636315821	0.0161620475418836	0.00877855179232491	0.00124236802899804	0.00410020862920821
Rothia_mucilaginosa	0.0205745052863526	0.00058711961848834	0.00674869618783246	0.0243449440214589	0.00358225521734421
Parabacteroides_distasonis	0.00199371178105913	0.00125617024758382	0.00889370991233477	0.0215004399793686	0
Staphylococcus_aureus	0.00158573156713986	0.00285824881759788	0	0	0.00772524154058955
Eubacterium_rectale	0.014506006549969	0.0120575582606009	0.00155431255374117	0.0141402765570896	0.00286343248720396
Acidovorax_ebreus	0.0299210372554065	0.0141546539418829	0	0.0382913703373506	0.0046712008687011
Corynebacterium_aurimucosum	0.00815562442599627	0	0.00291958049795954	0	0.0719960580913407
Aggregatibacter_aphrophilus	0.00463969427815983	0.0411095838741419	0.153164969723525	0.0150001080705976	0.000794947861802703
Corynebacterium_kroppenstedtii	0.0866262867485332	0.00935105568564868	0.0101325077715772	0	0.0026916042493887
Capnocytophaga_ochracea	0	0.00293866582402534	0	0.0406958956999358	0.00380670653926666
Leptotrichia_buccalis	0.0120130656301265	0.00166775044708734	0.0096362149810236	0	0.00650324723093616
Anaerococcus_prevotii	0.0051087165851513	0.00279422096400643	0	0	0.00521248051911689
Atopobium_parvulum	0.0117059969371465	0.0213988832506166	0.0378146745832101	0.00777614396107763	0.00463989366281096
Veillonella_parvula	0.00219153789318989	0	0.023456794061374	0.0498913442490513	0.00219181706310508
Staphylococcus_lugdunensis	0.00107808763873485	0.00981156459780692	0	0.00330286041931488	0.00949616666392365
Gardnerella_vaginalis	0.00661155915450299	0.0147695901928641	0	0.0448014925382632	0.0065156203081344
Lactobacillus_crispatus	0.00969743844087206	0.0025456972642066	0.00841711711791865	0	0.001232907780366
Moraxella_catarrhalis	0.00383300412144083	0.00225029770003696	0	0.00658425700896299	0.02170354107779
Corynebacterium_genitalium	0	0.0132444084228275	0.00587643819489677	0.00153227574981108	0.0178528248569409
Prevotella_melaninogenica	0.0136863191485689	0.0741481997015471	0.00472178451636743	0.00192200201378584	0.0212883088466352
Eubacterium_eligens	0	0.00520076373072633	0	0.00262081606087527	0.00334676066346982
Roseburia_intestinalis	0.0175596671362279	0.0106374390042198	0	0.00762554459215456	0.00355902976856991
Fusobacterium_mortiferum	0.00501546280637965	0.00913105521584641	0.00326353998065238	0.00474418298866241	0.00627955301398963
Fusobacterium_periodonticum	0.00345973136892767	0.00794046044909193	0.0119247809427434	0.01424222176912	0.00729008433265679
Fusobacterium_nucleatum	0.00900256092535036	0.00963556368922899	0.098413713761671	0.00654038570467516	0.00564935009428721
Eikenella_corrodens	0.0340041731356994	0.00297611632238615	0.00359354524654995	0.00562426868239494	0.00121312595965988
Cardiobacterium_hominis	0.00427105074693366	0.00188792987599821	0.0228581103818081	0.0157914707988021	0.00271411946501293
Faecalibacterium_prausnitzii	0.00424807958892496	0.0368154372757273	0	0.0237793976446523	0.00473904945602985
Streptococcus_parasanguinis	0.0121066316352592	0.0209302086332659	0	0.00780306237479673	0
Rothia_dentocariosa	0	0.0133969475186206	0	0	0.00859234332086263
Collinsella_aerofaciens	0.0175680023975842	0.00395803282303102	0	0.0391529813645601	0.00514428939121919
Gemella_haemolysans	0.066417649554049	0.00537556651514754	0.00879176242800123	0.0320131618011914	0.000896934723323346
Capnocytophaga_gingivalis	0.0137173885867854	0.0434945501337536	0.00241776731544953	0.0126208113065654	0.0163311083870694
Corynebacterium_matruchotii	0.00321416092705202	0.0247676311618523	0.00566110275520117	0.00186606610906051	0.00156557183203612
Peptoniphilus_harei	0.00807361479089746	0.00574974514686669	0	0.0310610995118256	0.00314513537799306
Lautropia_mirabilis	0.00320572215690453	0.0121453582910247	0.00649004709704649	0	0.0363506679359902
Odoribacter_splanchnicus	0.0246511010907722	0.0128556448254304	0.0168542250176096	0.0050236625930334	0.00529547905119941
Selenomonas_sputigena	0.00419107989778055	0.00259595974766301	0.00675713543016862	0.0103314729001626	0.0264499806376334
Alistipes_shahii	0.00236563530945036	0.00102433317332042	0.0047171224150103	0.0502217102315274	0.0101415451879354
Isoptericola_variabilis	0.0244772502654478	0.00595090303737305	0	0	0.0113717460595474
Clostridium_sp_BNL1100	0.0012474174660313	0.00591655559119877	0.00455764368028837	0.00664546455467954	0.00757335068991566
Dolosigranulum_pigrum	0.0119049524676867	0.00309551177524464	0	0.013481475792359	0.0105167595035691
Alistipes_finegoldii	0.0105424318174026	0	0.00253852184947111	0.0183965017435246	0.109594830272193
Pseudopropionibacterium_propionicum	0.00644344301471805	0.00186999793332391	0	0.00112793485099635	0.00934291792432904
Cutibacterium_avidum	0.0118963036596608	0.00525240142858414	0.00696386828774112	0.00286330825899152	0.0122695710219718
Acinetobacter_ursingii	0.0179814363926149	0.00417170110421919	0	0	0.00838109560331201
Acinetobacter_radioresistens	0.00814830107147246	0	0	0	0.0483113086630972
Leptotrichia_wadei	0.0318889243030199	0.000911762051275353	0	0.00822590944965892	0.0305089391167228
Capnocytophaga_cynodegmi	0.00199991724470443	0.0316165175923341	0	0.0106755881488717	0.00439286314083508
Streptococcus_cristatus	0.0233832511094619	0.00441806663991204	0	0.00590450571299513	0.0696475693332505
Streptococcus_intermedius	0	0.0646126877374747	0	0.00593917745015036	0.00969431907528281
Streptococcus_anginosus	0.00951869359496425	0.0274829093079091	0.105998573540062	0.00969573149883806	0.00833007736748819
Cutibacterium_granulosum	0.0171852375482684	0.0149680155319567	0	0.0293016109118137	0.00791609763905761
Prevotella_oris	0.00683451031578493	0.00917295307871097	0.00322595588076424	0.00205721556597187	0.00659728652587807
Neisseria_elongata	0.00271478887981265	0.00430236902804543	0	0.00247058143409242	0.00515987747612567
Staphylococcus_cohnii	0.0802526074523327	0.0161174421151235	0.0269885972911913	0	0.0169908234540407
Bifidobacterium_breve	0.00306891947570343	0.00515173665848199	0.0299376699210813	0.0269555180676673	0.00365195667359952
Campylobacter_ureolyticus	0.0130798105734582	0.00510305981041411	0.0206775068460135	0.0143152336137461	0.0275825445320407
Campylobacter_concisus	0.0240967906121021	0.135397768120781	0.00490006026423089	0.00959647678746596	0
Lactobacillus_jensenii	0.00136440066636422	0.00362616253077979	0	0.00949250687684551	0.025916408560386
Prevotella_intermedia	0.0108074329374421	0.0263711820369558	0.00241226815426187	0.0110600648457442	0.00444395430329578
Corynebacterium_striatum	0.0115748692442838	0.00167992143428406	0.0957891256683959	0	0.00271336715275145
Bacteroides_caccae	0.00166533185982672	0.00415459264605896	0.00170998070258307	0.00863634750946001	0.00317346102391241
Capnocytophaga_sputigena	0	0.00636477784703568	0.00867425189147652	0.0390032806305293	0.00752720964177375
Acinetobacter_bereziniae	0.0312001152212698	0.00310421228122827	0	0.0139205366542215	0.0179098181421792
Bacteroides_intestinalis	0.00412853144435422	0.00373556625631588	0.00328590101466534	0.0187442705544913	0.00420937564631904
Brevundimonas_diminuta	0.00404937219762069	0.00529071600343877	0.00661744315775112	0.0110154111953264	0.00974566889099035
Neisseria_flavescens	0.00798553554997036	0.0387542745059794	0.0393580031452624	0	0.00805029753108787
Neisseria_sp_oral_taxon_014_str_F0314	0.0106236443566071	0.00592088807240697	0.0100368520158335	0.0207905331402626	0.0215274358817778
Leptotrichia_hofstadii	0.0091590084898739	0.0148409171596314	0	0.0205379591556689	0.00259035440004129
Haemophilus_parahaemolyticus	0.0044916110440364	0.00660716626007081	0.00872407424835903	0.00397820886325168	0.00408395470338324
Neisseria_cinerea	0	0.017280206264481	0.00365712662100629	0.00437133663046686	0.00250668841577405
Gemella_morbillorum	0.00535454149822955	0.00173820584006978	0.0150160231526535	0.00550088363885973	0.024145533011317
Streptococcus_australis	0.00657527712045951	0	0.00585762959027364	0.0241606769366563	0.00523961453719184
Veillonella_dispar	0.00853219108283917	0.00411338582853497	0	0.00991351606970906	0.00831229678207388
