38289	0
1358	0.00769396428284639
1311	0.00348204130934378
9	0.000394493825769374
1309	0.00455628027226071
216816	0.00640264995126043
1282	0
158	0.00231434490896617
1747	0.000777589565817117
1299	0.0067034854716969
487	0.0191110549657694
1624	0.0249836951256663
29385	0.00344524950107832
1260	0
72000	0.0092244216987177
1680	0
837	0
43675	0.0198312806962066
152794	0.114238933929462
36861	0
1502	0.00866201915792713
1076	0
1280	0
1580	0.00482159266890879
1255	0
1598	0
239935	0
39491	0.0153954999390659
28025	0.00337307742747547
169292	0.0116555212019963
161879	0
1276	0.00666648316743863
33034	0.00675612385212229
1382	0
53461	0.00587423820749716
2054	0.0996617896554087
29466	0.00282882655693143
2057	0.0110604500454165
28035	0.015115762980873
2702	0.00158796185133071
884684	0.00392012161731092
553	0.0121862630983278
33964	0
47715	0.00327977598927663
1584	0.00877070467516033
43771	0.0161246069726435
47770	0.00285369984972669
480	0
28264	0.00537657879126595
38288	0.00485564286960316
133926	0.00515087148543835
28132	0.00146840513814961
89152	0.0100135137430483
166486	0.00428677533288637
1322	0
860	0.000683568769630749
851	0
539	0
1249	0.0270249411277952
853	0.00332050960433464
1318	0
2047	0.00623892948247942
1681	0.0059944108388921
74426	0.00679197940373077
1379	0
39488	0.0066114129805312
1352	0
1017	0.00331535852831244
43768	0
258224	0.0106235654324091
1727	0
54005	0.00564428505078222
47671	0.00117772749520764
1014	0.0301946764754748
28129	0.003941509248357
256701	0
1590	0.00206816850946162
266	0
118562	0
28123	0.00165154710277081
316	0.000935693126198276
1078471	0
1623	0.00425682905609568
1625	0.000875910256072986
29394	0.00247361067857545
84595	0
502394	0
1750	0
51669	0
138336	0.0181619532834364
29378	0.0164032674915708
1244	0
1252	0.021533273781668
477641	0
13690	0.0144499261433187
1334	0.00187542475706776
1721	0.00232084912653735
33010	0.0349020402036827
108980	0.0065511828963295
40216	0.00574137050212079
90245	0
157687	0
28189	0.00237352374708847
45634	0.00142694778545431
1351	0.0213738690072449
1338	0.00181211484830962
1328	0.00112278293270361
33011	0.00354153941145983
980427	0
446660	0
29419	0.0180295602765615
33038	0.0189355995136874
28135	0
1121358	0.00241046520236462
495	0.00292567244066579
1683	0
1685	0.000837006940868467
28026	0.00487725699574518
1689	0.0113544494640638
137591	0
44008	0.00549933269846424
246432	0.00157657999263759
155892	0.0257276419741803
1286	0.0102940254645436
2055	0.0282028379781147
109790	0.00738557072253209
1697	0
40215	0.0256731987952946
28131	0.00438907957484098
108981	0.00111940631102459
43770	0.0100127007174795
170573	0
47678	0
1599	0.00610959452251724
293	0.00685292349467904
1583	0.0201513539513695
484	0
157691	0.000419538211538367
739	0.00614673869015388
29391	0
113107	0.00723502856475606
39778	0.00151394663672135
