38289	0
1358	0
1311	0
9	0.00643973100370007
1309	0.00637127928468448
216816	0.00387674271351082
1282	0.016009750879386
158	0.0373494647153404
1747	0.0244622522447376
1299	0
487	0.0020462939687288
1624	0.000417422884580872
29385	0.00812621306827986
1260	0
72000	0
1680	0.00190898064700854
837	0.00636014597178812
43675	0
152794	0.0181580741076015
36861	0
1502	0.000734686140804454
1076	0
1280	0
1580	0.00266755207956731
1255	0
1598	0.000514175197282519
239935	0.00145531428118593
39491	0.0782629166478903
28025	0.00367670538018204
169292	0.00909180776170171
161879	0.00440982882587337
1276	0.00548461265716232
33034	0.0110514514662167
1382	0.016593329849418
53461	0
2054	0
29466	0.00284160477439766
2057	0.00345499327251197
28035	0
2702	0
884684	0
553	0
33964	0
47715	0.0154421562586888
1584	0
43771	0
47770	0
480	0
28264	0
38288	0.0115339374545223
133926	0
28132	0.00923539149758419
89152	0.0111643354815973
166486	0
1322	0
860	0
851	0
539	0.00491080743257748
1249	0.00439933214531706
853	0.0016193544913833
1318	0.00239405007258149
2047	0.0130951093361287
1681	0.00259332428743172
74426	0.0083751888286359
1379	0.00346425749843934
39488	0.00462221103229042
1352	0.00894506513564983
1017	0.000658384069319401
43768	0.0339314782997362
258224	0
1727	0.0266161962181006
54005	0
47671	0.0152753467044477
1014	0.00151146121699748
28129	0.00626476316328225
256701	0
1590	0.00527765848640534
266	0.00288837392405305
118562	0.00521166558728683
28123	0.0214506488869463
316	0
1078471	0.0043582403643504
1623	0.0158705967406601
1625	0.00104812461627345
29394	0
84595	0.0120207714356238
502394	0.0658583698078892
1750	0
51669	0.0595522491586858
138336	0.0160823547148188
29378	0
1244	0.0102865741383006
1252	0.00737885958620539
477641	0.0156500087941063
13690	0.00608748839046457
1334	0
1721	0
33010	0.00264500524448517
108980	0
40216	0.00157378637581728
90245	0.00641114251247167
157687	0
28189	0.0301174416437069
45634	0.00698957631081147
1351	0.017455127429682
1338	0.00138491691252891
1328	0.00276480597626837
33011	0.00262534655240971
980427	0.000701021456449579
446660	0
29419	0.00858796686867818
33038	0.0033464641559197
28135	0.0115816433764581
1121358	0.00112518893805868
495	0.0065009544689562
1683	0
1685	0.011842589186777
28026	0
1689	0
137591	0
44008	0.00619474347010716
246432	0.00510165634059529
155892	0
1286	0.00636351038969649
2055	0.037683140915434
109790	0
1697	0.0163896675285622
40215	0.043148222222024
28131	0
108981	0.00421103260593796
43770	0.0192823500043538
170573	0
47678	0.0114503005038939
1599	0.00794855659336167
293	0.00599466902958009
1583	0.0095012095443755
484	0
157691	0
739	0
29391	0.000732574459505438
113107	0
39778	0.00350592390277107
