38289	0
1358	0.00218905863883039
1311	0.00268546083074535
9	0.000875409104518072
1309	0
216816	0.00116349324323207
1282	0
158	0.00199844845356978
1747	0.00872762669451396
1299	0.013620841988863
487	0
1624	0
29385	0.00291018855021614
1260	0.00842208999811708
72000	0
1680	0.00398471272957423
837	0.00738809212041493
43675	0.0758369732626502
152794	0.00485802485591923
36861	0
1502	0
1076	0.0123761377520998
1280	0.0323235777016777
1580	0
1255	0.000876610681001262
1598	0
239935	0.00116212371422193
39491	0.0248546077631489
28025	0.00148481416629612
169292	0.00429303595960761
161879	0
1276	0.0211071402179494
33034	0.00394367115646147
1382	0
53461	0.0125006581744648
2054	0.00651231659966587
29466	0.0458142053383574
2057	0.000807675456577614
28035	0.0120990492281564
2702	0.0173932551303849
884684	0.00164282787660974
553	0.00536160496785641
33964	0.000607860095633964
47715	0.00359185301279318
1584	0.00109544879907624
43771	0.00271995333293007
47770	0
480	0.00258488281765094
28264	0
38288	0
133926	0.0099987415504509
28132	0
89152	0.00636875258305501
166486	0.00477466445787879
1322	0.00155419086307252
860	0.00520422384127423
851	0.000454226868994947
539	0.00398331050049815
1249	0.00320055860076898
853	0.0393841312815073
1318	0
2047	0.00722337503056689
1681	0.00890620787491435
74426	0.0137384525110244
1379	0.00146228247918989
39488	0.000866624452200701
1352	0.0106688388889735
1017	0.00361095657164573
43768	0
258224	0.013699319879819
1727	0.0035779872565449
54005	0.0026370331803839
47671	0.00662646928172371
1014	0
28129	0
256701	0.0330549111409959
1590	0.00771106831837107
266	0.054488222621489
118562	0.00636649895884805
28123	0.0056494569973514
316	0.00998346817226945
1078471	0.0292195729190634
1623	0.013377425044401
1625	0.000965979709943089
29394	0.000702096666870527
84595	0.00407530055652546
502394	0
1750	0.0132639405926756
51669	0.00267383476442503
138336	0.0109892016948731
29378	0.00236661396956807
1244	0.00217814062059875
1252	0.00118802451929006
477641	0.00428620674463244
13690	0.009332093018844
1334	0.000686419715768588
1721	0.00199069036551552
33010	0
108980	0.00670734711844492
40216	0.0197047488945832
90245	0.017048549361913
157687	0.00255004936055837
28189	0.0220026463715127
45634	0.00184601119313697
1351	0.00734033165758028
1338	0.00106329166909123
1328	0.0435742227087548
33011	0.00570473204617528
980427	0
446660	0
29419	0.00552763308680397
33038	0
28135	0.0104467701240125
1121358	0
495	0.00115279320287717
1683	0.00162539668677003
1685	0.00186363196611616
28026	0.00445754050748193
1689	0.000579196091003896
137591	0.0111808319690386
44008	0.00319360045122906
246432	0.00905400927885206
155892	0.00854617201623356
1286	0.00430664060142474
2055	0
109790	0.00412394616580977
1697	0
40215	0.00444142328137429
28131	0.000537582144289457
108981	0.00288297932357582
43770	0.0222171316863344
170573	0.0181373567820508
47678	0.00794568932443994
1599	0.00875149167424721
293	0.00502908162235078
1583	0
484	0.0130269106864972
157691	0.00456693462181478
739	0.0014279193598683
29391	0.00137349057518411
113107	0.00246190526576367
39778	0.00129676564221177
