38289	0.00195744970771946
1358	0.0285317256732946
1311	0.00126070506577494
9	0.000969236021529534
1309	0.00460865440094409
216816	0.0126278585935835
1282	0.00997399324219025
158	0
1747	0
1299	0.00490860182303775
487	0
1624	0
29385	0.003946970298265
1260	0
72000	0.00719286730887607
1680	0
837	0.00532545228195009
43675	0.0216058072532913
152794	0
36861	0.00422147292613913
1502	0.00118061648362529
1076	0.00349288587483254
1280	0.00212231898669053
1580	0.00679057937076767
1255	0.00273059766700464
1598	0.00308265963718243
239935	0.0193897519232332
39491	0.0117715450108887
28025	0
169292	0.00741930673500814
161879	0.00354839738392633
1276	0.00295766153067874
33034	0.00202365961611681
1382	0.00141784251184578
53461	0.00379859465508687
2054	0
29466	0.0175790026384304
2057	0.00163954324657552
28035	0.00728645729757002
2702	0
884684	0.00372146610154588
553	0
33964	0.00198299691405334
47715	0
1584	0
43771	0.00496769603017534
47770	0.00990417875853935
480	0.00640631381476191
28264	0.00773270598463786
38288	0.0017389181906765
133926	0.0218107152417015
28132	0
89152	0.00921368136834936
166486	0.00556552795219018
1322	0.00762659898498033
860	0.000915060222768369
851	0.00110289213565823
539	0
1249	0
853	0.00414781042654114
1318	0
2047	0.002757685753718
1681	0.00454827832181104
74426	0.00190653634529768
1379	0.00392570922808552
39488	0
1352	0.00410902500594447
1017	0.0135944695471227
43768	0
258224	0.00162714964732746
1727	0.0071152558712866
54005	0.00934223422332541
47671	0
1014	0.00257712225551733
28129	0.0161698028612465
256701	0.00481693035541336
1590	0
266	0.00449364682065899
118562	0.0209762771245675
28123	0.00270611377301304
316	0.0505737508136882
1078471	0
1623	0.010464325535842
1625	0.00283151640248719
29394	0
84595	0.00699460822407385
502394	0.00504838433650972
1750	0.0117774861204852
51669	0.00262320341647183
138336	0.00395912695025118
29378	0
1244	0.00155701685335656
1252	0.00351824360946505
477641	0.00556363114675521
13690	0.0247703218117774
1334	0.0014414748024088
1721	0
33010	0.00497911603382871
108980	0
40216	0.0166379293460606
90245	0.00406967474107874
157687	0.00505110003950945
28189	0.00611770232304322
45634	0.000660854998429027
1351	0
1338	0.00829007251264951
1328	0.0029501013870638
33011	0.00184779252463086
980427	0.00391973244914843
446660	0.00208324540498789
29419	0.00351222376509951
33038	0.00247000586037375
28135	0.0202088985217505
1121358	0.000906188678255948
495	0
1683	0.00295736855550834
1685	0.0352492009404131
28026	0.0183877834429031
1689	0
137591	0
44008	0.00345225253115989
246432	0
155892	0.0481857587765333
1286	0.0105121595905731
2055	0.00525466942905252
109790	0.00206742390582733
1697	0.0104409697386493
40215	0
28131	0.05145133259718
108981	0.157442562153087
43770	0.000966239755831855
170573	0.00565547923389697
47678	0.00563443968152862
1599	0.000845195749916961
293	0.00297003282497555
1583	0.00969566139325978
484	0.00298737923131539
157691	0.0022564683122798
739	0.0118612587749313
29391	0.00232755530364986
113107	0.000758608686082696
39778	0.000947456354987276
