38289	0.0081377431495817
1358	0.00157454493494673
1311	0
9	0.000652616130084982
1309	0.00606715241945017
216816	0.00253657909172427
1282	0
158	0.0512380037301985
1747	0
1299	0.0140898856296786
487	0.00176506838203541
1624	0.00237867283387868
29385	0
1260	0
72000	0
1680	0.00557074664172227
837	0
43675	0.00382220327252327
152794	0.00865406003980669
36861	0.0115733200157501
1502	0.0332511885436134
1076	0
1280	0.00241720148361057
1580	0.000369958416180975
1255	0.0013851762553614
1598	0.0198461215260633
239935	0.0027192804425098
39491	0.00669720058785927
28025	0.00750123577549491
169292	0.0283830454817886
161879	0
1276	0
33034	0
1382	0.00168907364341311
53461	0.0609204212232667
2054	0
29466	0.00230889690220225
2057	0
28035	0.00249174953614777
2702	0.00533141331634869
884684	0
553	0.00772313716155839
33964	0.021476166470264
47715	0
1584	0.00444119059162056
43771	0.00251034243754959
47770	0.00129701474003781
480	0.00820745972145477
28264	0.00351488509114342
38288	0.00253770578714692
133926	0
28132	0.000626201405610584
89152	0.0101084624990065
166486	0.0152781580544053
1322	0
860	0
851	0.00341671370794076
539	0.00210184917771182
1249	0.00427897223466343
853	0.006854561724877
1318	0.0118786328063856
2047	0
1681	0.00184272776164
74426	0.00797579132555054
1379	0.00828699576867828
39488	0.0111082710221613
1352	0.0056813227512818
1017	0.00464510614138054
43768	0.00578163434924395
258224	0.00353287499279515
1727	0.044011878406755
54005	0
47671	0
1014	0.022982443589716
28129	0.00237368224314904
256701	0
1590	0.00745096849520495
266	0
118562	0
28123	0
316	0.0196595668290336
1078471	0.00503564150154144
1623	0
1625	0
29394	0.00174237201593828
84595	0.0102630520254289
502394	0.0102762645327082
1750	0.0485598973596169
51669	0.0011707326065501
138336	0.00352320502373023
29378	0.00919476740256553
1244	0.0152948451642635
1252	0.00169093508709414
477641	0.00961287503300624
13690	0
1334	0.0242482369140836
1721	0.00211398719629211
33010	0.0110183624933896
108980	0.0256547609743131
40216	0.00547806363889171
90245	0.00892532602223202
157687	0.00496932629652841
28189	0.000968776605896612
45634	0.00717866709305433
1351	0.00155402743386277
1338	0
1328	0.00669115124438054
33011	0
980427	0.0100590551121861
446660	0.0110494330541714
29419	0
33038	0.013987955381286
28135	0
1121358	0.00678877005851281
495	0.00815905066143213
1683	0.00193722673581947
1685	0.0013684592667516
28026	0.00718515654644134
1689	0
137591	0.00622881272465433
44008	0.00309603022010126
246432	0
155892	0
1286	0.0135564584088082
2055	0.0280769434017166
109790	0.00439014404309693
1697	0
40215	0.0106629143621931
28131	0
108981	0.000988051926028789
43770	0
170573	0.0193789351048551
47678	0.0289947034134763
1599	0.00290594938891129
293	0.0300540938733752
1583	0.0046138437212369
484	0.00528372483794289
157691	0.00145580666832229
739	0.00631341649596077
29391	0.00375206420459962
113107	0.00151563222871931
39778	0.00807481780082315
