1358	0.00738020197289377
1311	0.00271151973281299
1309	0.00752317160556405
216816	0.00138266907516129
1282	0
1747	0
210	0
1496	0
1260	0.00787987712338881
1680	0.00981262437036791
43675	0
2317	0
823	0
1502	0.0400539772564359
2173	0.0164932586722788
1598	0
76517	0.00903131851600852
1491	0.00179838559855666
239935	0.00288499075348538
39491	0
28025	0
732	0
1382	0.017455918280913
84112	0
29466	0
2702	0.00519418756948844
47715	0.0104824234300013
2098	0.00338846722856686
47770	0.002058310932514
28132	0.00820076385760819
Clostridium_saccharolyticum	0.0152995673679842
Eubacterium_eligens	0
29347	0
89152	0
89153	0
166486	0.0113302515307403
1322	0
850	0
860	0.0238212992646517
851	0
861	0.00368769979226315
847	0.00804128325762878
154046	0.0425923613188129
853	0
1318	0.0231018882694427
2047	0
1681	0
74426	0
1379	0
39488	0
1352	0.00333514285390215
54005	0.00139328075799889
47671	0.0401559127895575
626940	0.0103487267730861
28118	0.0475891750502756
1590	0.0113043677160485
454155	0.0033053854310046
1161942	0.00772513066525071
328814	0.00390983379578352
39483	0.0138029172168103
28123	0.0851385971429226
139208	0
1623	0.0089204651174303
301301	0.00938096197520874
187327	0.00912808119288983
755731	0.00255232262637225
859	0
214856	0
502558	0.0127274069825831
157687	0
33035	0.0114180278220586
45634	0
1338	0.0115811291689757
1328	0.00690043002703726
446660	0
33038	0
33033	0.00712100871737977
1683	0
1685	0.00805153209981905
28026	0
1689	0
827	0.019202840034688
199	0.00574855225387871
907	0.0143987059330247
137591	0.0756181652809261
292800	0.0129386234417374
109790	0.00192502247074846
649756	0
47678	0.192673339703892
329854	0
901	0.0291456253579581
249188	0.00234669020082111
29391	0.0343479603643667
113107	0
39778	0.014258222257994
