1358	0.0140158985368442
1311	0.00425742757363266
1309	0.00814241313223596
216816	0.00245543257035195
1282	0.00964534421753147
1747	0
210	0.00362071802167402
1496	0.0140787501993197
1260	0.0201450578356106
1680	0.022691990152651
43675	0.0107433923200156
2317	0.0109713329004653
823	0.0240736340333555
1502	0.00555883503144117
2173	0.0229913055852795
1598	0
76517	0.00787243535149247
1491	0.00539565073890868
239935	0.00443236327944624
39491	0
28025	0.0876119736372459
732	0.00226895669295484
1382	0.00306068189898852
84112	0
29466	0
2702	0.0268106629378303
47715	0.00375147616194448
2098	0.0111782858383157
47770	0
28132	0.0158134787586288
Clostridium_saccharolyticum	0.0273159031533686
Eubacterium_eligens	0.0253499391682676
29347	0.0126993363505485
89152	0.0110450636824099
89153	0.00865912542077036
166486	0.0127615475241692
1322	0
850	0.00609643624196317
860	0
851	0.00900731253263472
861	0
847	0.0157777573403448
154046	0.0149368453620936
853	0
1318	0.0142944861164073
2047	0.00860942560461302
1681	0.0108435819864379
74426	0.0175524562572688
1379	0.00407240474551025
39488	0.0199816687724863
1352	0.00112902502887524
54005	0.00580257576110902
47671	0
626940	0.0100575062825279
28118	0.0532376552878534
1590	0.00229437507562225
454155	0.0153198747562632
1161942	0
328814	0.0296117982505564
39483	0.0155264741233063
28123	0.00393646091539932
139208	0
1623	0.00245244947584652
301301	0
187327	0.00677651328663167
755731	0.0125089814101507
859	0.00734005670298781
214856	0.0141816112358401
502558	0.00691013820137131
157687	0.0367071725266392
33035	0.0347919202078388
45634	0.0102025167786319
1338	0
1328	0.00789957811891294
446660	0.0044133273503552
33038	0
33033	0.00418672081744955
1683	0
1685	0.00857793664986
28026	0.00467760668713955
1689	0
827	0.00325171006222168
199	0.0112271140588802
907	0.00351052272892674
137591	0.0102585821767619
292800	0
109790	0.009191903302349
649756	0.00618201981821709
47678	0.0185133823592214
329854	0.0264530582309366
901	0.0266818416339191
249188	0.0027982405362558
29391	0.00602196009791932
113107	0.0136760238466497
39778	0.0031005785511142
