1358	0.0209517184140546
1311	0
1309	0.00599899729613471
216816	0.0181635940174534
1282	0.0216945949706516
1747	0.00492951662804034
210	0
1496	0
1260	0.00124396819491667
1680	0.00203825958766379
43675	0.00139468732108678
2317	0
823	0.0274248964605301
1502	0
2173	0.0450295896645111
1598	0
76517	0.00371429421926209
1491	0.0134266494326871
239935	0.00422170073542444
39491	0.0160091863693514
28025	0
732	0
1382	0.00748401111128
84112	0.00822891761787967
29466	0.0190047921610189
2702	0.00453317594596734
47715	0
2098	0
47770	0
28132	0.0433538135523198
84030	0
39485	0.00292293995705609
29347	0
89152	0.00656129466939182
89153	0.030757938252698
166486	0.0138681654449687
1322	0
850	0.021529093371251
860	0.0012836333185311
851	0.00344160542966331
861	0.0100838030380474
847	0.0325320516837564
154046	0.0479267925606893
853	0
1318	0.0110147007098063
2047	0.00765138116485448
1681	0.00437579091293159
74426	0
1379	0.00165794021525309
39488	0.0145308116027005
1352	0.0250811120538923
54005	0
47671	0.0150539844279953
626940	0.00286441186914056
28118	0
1590	0.0411243122732622
454155	0.0108821142796295
1161942	0
328814	0.0029191437781233
39483	0.0316925224530772
28123	0
139208	0.00670748641070121
1623	0.012839199582803
301301	0.00328228144598917
187327	0.0163777866802173
755731	0.0328226643015263
859	0.010871856662213
214856	0
502558	0.00353399622298664
157687	0.029338051384168
33035	0
45634	0.0032659999126657
1338	0.0163313747670913
1328	0
446660	0.00225147536269598
33038	0.0091817205640932
33033	0.0193036777525822
1683	0
1685	0
28026	0
1689	0.0020533573837368
827	0.0580748353009919
199	0
907	0
137591	0.0177376640876941
292800	0.00907955197094424
109790	0.0390575969066433
649756	0.00682462197492371
47678	0.00905955932319282
329854	0.0144092766854097
901	0.00800201274462475
249188	0.00116096660100173
29391	0.00531229665894664
113107	0.000479977233116748
39778	0.0540388049120874
