1358	0.00527778855019506
1311	0
1309	0.0026150138043157
216816	0
1282	0.0198961555709269
1747	0.024181297490859
210	0.00400339307804321
1496	0
1260	0
1680	0.128548602472836
43675	0.00702308807374326
2317	0.00694040552284919
823	0.0338282985130601
1502	0.0676441893682342
2173	0
1598	0.00220352274704592
76517	0.0368078575329619
1491	0.0400111214803242
239935	0.00632616280216347
39491	0
28025	0.0146013103419443
732	0.0179410436060884
1382	0.00300046799760472
84112	0.0292079211924724
29466	0.00633961274909751
2702	0
47715	0.0262098695980554
2098	0.00365735139411641
47770	0
28132	0.0167853519536322
84030	0.0132848075498329
39485	0.00165351751421046
29347	0.0136487259483706
89152	0.00831190339304926
89153	0.00965541716801188
166486	0.0459004020244477
1322	0.00987779072619726
850	0.00808682397299241
860	0.00703369961782167
851	0.00147470866190015
861	0
847	0.0118860098774485
154046	0.0191316403938086
853	0.0333695429113268
1318	0.0131009029736467
2047	0.00719976387640703
1681	0
74426	0.00982214554288205
1379	0.00061838058736835
39488	0
1352	0.0284194184761231
54005	0
47671	0
626940	0.00165770944769669
28118	0.0135584813741814
1590	0
454155	0.0122848027350449
1161942	0
328814	0
39483	0
28123	0
139208	0.00792610804709737
1623	0
301301	0
187327	0.0153130644286563
755731	0
859	0.00262554858240314
214856	0
502558	0
157687	0
33035	0
45634	0.00801880366777422
1338	0.0123690664186321
1328	0.00275981423097117
446660	0.0129024995349356
33038	0.0425680677046482
33033	0.00349320499313223
1683	0
1685	0.00896392714124164
28026	0.0181517680867279
1689	0
827	0.00391424320292149
199	0
907	0.010367826957858
137591	0.00695669368980199
292800	0.00882157788014088
109790	0.0087286020600773
649756	0
47678	0
329854	0.0260359395105908
901	0.00584493367594724
249188	0.00788280063387991
29391	0
113107	0.00297992404256972
39778	0.0103491648966547
