1358	0
1311	0.00638872822498311
1309	0.0327161950720933
216816	0.00611251294688101
1282	0.00666897901301038
1747	0
210	0
1496	0.00746321242365087
1260	0.00449617980319278
1680	0.0144588702909696
43675	0
2317	0.00603481474123251
823	0.00135773625111397
1502	0
2173	0.00174737710480468
1598	0.0076645414128804
76517	0.00118244091659359
1491	0.0136069051013959
239935	0
39491	0.0254336445973397
28025	0.011291387534648
732	0.00571477420507135
1382	0.00192060899408841
84112	0.0157077446808215
29466	0.0274933383483965
2702	0
47715	0
2098	0.00440951722653862
47770	0.00970831941349298
28132	0
84030	0.0150287313789836
39485	0
29347	0
89152	0.00957793907284593
89153	0.0546547340022392
166486	0.0072750849691779
1322	0
850	0.00492098451541315
860	0.00225827893408661
851	0.00604568013425137
861	0.0139473900134593
847	0.00129980035826993
154046	0
853	0.00523421478144841
1318	0.00138627435560064
2047	0.00208846973374609
1681	0.00891345972106807
74426	0.00429122254804434
1379	0
39488	0.0308208932229877
1352	0.00393595690332256
54005	0
47671	0.00952872786013204
626940	0.0139345101564914
28118	0
1590	0.0530776689362888
454155	0.0301162724265568
1161942	0
328814	0.0176014767197714
39483	0.00387429238650101
28123	0.00699866585192035
139208	0.0222160362382544
1623	0.00597212169572103
301301	0.00927467987679948
187327	0
755731	0.00321270912472983
859	0.00412561748857016
214856	0.0691193184573377
502558	0.00374269097562706
157687	0
33035	0.0173750616775066
45634	0.00104146785640057
1338	0
1328	0.0042405324779353
446660	0
33038	0.147223409372107
33033	0.00153553911074239
1683	0.0076786940551085
1685	0.0133124052452706
28026	0
1689	0
827	0
199	0.00201479650934703
907	0.00497543158456682
137591	0.00244229363340463
292800	0
109790	0
649756	0.00460921296125313
47678	0.0231298440336551
329854	0.0198136685293073
901	0
249188	0.000277202616865344
29391	0.110508437469178
113107	0.00377027172450641
39778	0
