1314	0.00212088102632523
1358	0.0116217850403077
1311	0.00321144776018875
1309	0.00409524513265752
216816	0.0231800956127728
1282	0
158	0
1747	0.0128558816382615
210	0.00547155237571568
1299	0
487	0
1680	0.0079930100032635
837	0
43675	0
823	0.00421153337699458
Synechococcus_sp_JA_2_3B_a_2_13	0.00837236375598874
1280	0.032042227043955
1063	0.0207651998298257
357808	0
200	0.0495367484609289
28151	0
239935	0.0220055001681259
39491	0.00839326572875271
721785	0
169292	0
732	0.000825948924290229
161879	0
1018	0.00145893161213373
84163	0
40542	0.00783637588943882
1382	0
29466	0
2702	0
553	0.0189316835386946
1584	0.00432104354685344
47770	0
133926	0.0040067415896294
28132	0.00628545469459052
Eubacterium_eligens	0.0199853912725742
166486	0
1322	0
860	0.00183430630983219
851	0.00917311336684894
539	0.00309213410518231
2718	0.0394817802496641
853	0.0310349004539282
72	0
143361	0.0249913554292861
1318	0
2047	0.0271393182307561
74426	0.00668446302543033
1379	0.00160255321810545
39488	0.0133211426570469
1017	0.0148297880396191
43768	0.0153833483027765
47671	0.0374114872897484
626940	0.00615504162974762
28118	0.051438803091546
28129	0.0278425472597231
1639	0.0106396175953037
486	0.00383270097917935
1590	0
454155	0.0251365058203976
69823	0
328814	0.0284527625411714
139208	0.0124836880245239
301301	0
458033	0.00240403720258061
28112	0
755731	0
29394	0.00956193199568076
859	0.00460606185555166
214856	0
1750	0
1244	0.00180723213119277
1252	0.00715435129764141
204	0.0124666730946575
1334	0.00609838448908291
2751	0
181487	0
157687	0
45634	0.00562474628321234
1338	0.00733810715836567
1328	0
33011	0.0105764453959953
504	0
157692	0.0138881701208892
33038	0
28135	0.0132083179850841
33033	0.0014416758563448
495	0.0090591142820579
1744	0.00207430622451465
28026	0
1689	0.106619341629631
824	0.00544279913907984
199	0.00457069630014885
714	0.0106603820533797
28131	0
649756	0.00258288747716527
47678	0.00771157582982687
1019	0.0114582438929736
489	0
329854	0.0205301929789255
484	0.00172727626056276
641149	0.0092675491495784
157688	0
157691	0.00365455951220051
735	0
249188	0
483	0.021598819236892
739	0.00995678656638244
29391	0
113107	0.00541966895831519
39778	0
