1314	0.00329351249220348
1358	0.0142740440000023
1311	0.0211950289884212
1309	0.00672002139458791
216816	0.00230506355058083
1282	0.00300837486397071
158	0
1747	0.0049325777797416
210	0.00488282038260856
1299	0
487	0
1680	0.00454933899283541
837	0.00275257775790153
43675	0.00944222236183714
823	0.0108543341512729
Synechococcus_sp_JA_2_3B_a_2_13	0.0007550924654232
1280	0.00679319476459091
1063	0
357808	0.0191617553976602
200	0.0108461724519233
28151	0.0443778141065537
239935	0.001645354459695
39491	0.00255600834179807
721785	0.0188981302821446
169292	0.00172006976936347
732	0.0100027235453719
161879	0.0020432964935604
1018	0.0178984184494869
84163	0.0019486090351078
40542	0.00080362808481795
1382	0
29466	0.00210926133199805
2702	0
553	0.00445160397826382
1584	0.00708551426653694
47770	0.00311618175371236
133926	0.00077525447768507
28132	0.00322960925111563
Eubacterium_eligens	0
166486	0.00251319507982791
1322	0.0263832466904384
860	0
851	0.00674191801605315
539	0.00173905755058419
2718	0.0164582667925739
853	0
72	0
143361	0
1318	0
2047	0.000426613609867265
74426	0.00397035139089798
1379	0
39488	0.0210300617530956
1017	0.00245982709769936
43768	0.00381869737200302
47671	0.00161055389367229
626940	0.0128131287830911
28118	0
28129	0.00493349816038717
1639	0.00600013278232894
486	0.00410379486011861
1590	0
454155	0.022706867833099
69823	0.00875424577664678
328814	0.00595388975211363
139208	0.0398678708400187
301301	0.00942629925202836
458033	0.0662621318950947
28112	0.00162499692818554
755731	0.00910902700542333
29394	0
859	0.0134407987693843
214856	0.0287992473258074
1750	0
1244	0.000363768932324534
1252	0.0065472641706054
204	0.00880350014506746
1334	0.00870634165166344
2751	0.0672156583246569
181487	0.00114767997495841
157687	0.00850743919971514
45634	0.00131104169362757
1338	0.00943084658608366
1328	0
33011	0.00348345619315676
504	0.00650755373869536
157692	0.0160405773391741
33038	0.0156523925252744
28135	0.0456758010912332
33033	0.00236436639073986
495	0.00667045674417574
1744	0.00572846548434049
28026	0.00324373897273564
1689	0.00213222599733154
824	0.00118855220968333
199	0.000960676306863487
714	0
28131	0.0978596148401537
649756	0.00298264097803182
47678	0.0385815737068258
1019	0.00105340216167546
489	0
329854	0.0119818889779018
484	0.0194235958551998
641149	0.004828185895297
157688	0
157691	0.00385154848898264
735	0.00638360855778565
249188	0.00692501681508154
483	0.000664710882599551
739	0
29391	0
113107	0.0114769202219207
39778	0.00293016031322479
