1314	0.00181263135272225
1358	0.0137807613187687
1311	0
1309	0.000618579328279604
216816	0.014510042967901
1282	0
158	0.00705212469207566
1747	0.00356579331302957
210	0
1299	0
487	0.00735268491746916
1680	0.000854233957714936
837	0.00717583968767344
43675	0.0045359500364996
823	0.0182437257381186
321332	0
1280	0
1063	0.108257337186218
357808	0.00440352737933425
200	0.00330969391785859
28151	0
239935	0.00242744086346964
39491	0.00302262896261358
721785	0.0109840189248856
169292	0.00960259659240866
732	0.00193657317528651
161879	0.000873742639868374
1018	0.0236005446989311
84163	0.0206722601355726
40542	0.0283523607042462
1382	0.00199880102979171
29466	0.00861749799416473
2702	0
553	0.00625684993303789
1584	0.00335838930943794
47770	0.00216893034245874
133926	0
28132	0.00272260533149152
39485	0.00931582125527785
166486	0.0096481704137972
1322	0
860	0.00537003048486129
851	0
539	0.0206962585501982
2718	0.0310233144424699
853	0.0111207096134454
72	0.0215558100618002
143361	0
1318	0.0261398467840626
2047	0
74426	0.00309694250878571
1379	0.00229125060703249
39488	0.0132493174944559
1017	0
43768	0.00704842412288914
47671	0.0175628181665382
626940	0.0442517125495073
28118	0.02068694778969
28129	0
1639	0.000690921730012902
486	0.00677175875090572
1590	0
454155	0
69823	0
328814	0.0410215396014749
139208	0.00424525622645808
301301	0.00333102469291914
458033	0
28112	0.0145529178251185
755731	0.0157897883413432
29394	0.00176773395397038
859	0
214856	0.00197452495956667
1750	0.0370244713369622
1244	0.00296486261314963
1252	0.00146949587071452
204	0.0152626301714673
1334	0
2751	0.0209349286821071
181487	0.00609654121240207
157687	0
45634	0.0105171552894819
1338	0
1328	0.00758911277673503
33011	0.0033960825696992
504	0
157692	0.0132241449767597
33038	0.0118030633276921
28135	0.0523162196273451
33033	0.00068674897470781
495	0.00453345141951155
1744	0.00755565747505794
28026	0
1689	0.00964467452082337
824	0.0167904909158544
199	0.00211958726587733
714	0.0151028724332666
28131	0.0351032999701753
649756	0
47678	0
1019	0
489	0.00384838599955329
329854	0.0323186308780176
484	0.00822235188476838
641149	0.0124700951868661
157688	0.00750482253243547
157691	0
735	0
249188	0
483	0.00359309520638744
739	0.00183799476364019
29391	0
113107	0
39778	0.000798124760631928
