1314	0
1358	0.0060822395389486
1311	0.00625093285847227
1309	0.00390941895860182
216816	0.00609143468648995
1282	0.000526185516053473
158	0.00664550371368831
1747	0.0149989137385288
210	0.0116377309605605
1299	0.00766846578807773
487	0.00960643003442158
1680	0.00097504094271049
837	0.0025007262051663
43675	0.00361352426503395
823	0.0571626464671949
Synechococcus_sp_JA_2_3B_a_2_13	0.00687136457823608
1280	0.00677330113851499
1063	0.0391526331570295
357808	0.0237519496045836
200	0.000783395741636423
28151	0.0045538431671196
239935	0.00439536248708504
39491	0.00471685923802492
721785	0.00737281994863209
169292	0.00623135526654683
732	0.00895790873551436
161879	0.0745901222034298
1018	0.00265899004030522
84163	0.00135169640375694
40542	0.00334706641964369
1382	0.00220831718130651
29466	0.0103955530531749
2702	0.00251629390309493
553	0.0353438106891494
1584	0
47770	0.00294900179385039
133926	0.0023693038159479
28132	0.0138530315508105
Eubacterium_eligens	0.015092898626548
166486	0.0145971925833777
1322	0
860	0.0116417391689081
851	0.00582343686997342
539	0
2718	0
853	0.0444147322391488
72	0.0150778192103771
143361	0.0118658295785374
1318	0.0219179852554677
2047	0.00150708499145979
74426	0.00362271364391823
1379	0.00180971736794439
39488	0.01172614328442
1017	0.0289937410778845
43768	0
47671	0.00719698808511218
626940	0
28118	0.0123105088942948
28129	0.00763630630342541
1639	0.00685060543498006
486	0.00453491902236689
1590	0.0462203992420415
454155	0.00735891113254213
69823	0.00433861781249956
328814	0.00175711871691404
139208	0.00115909453223887
301301	0
458033	0.00971358017280503
28112	0.00257287809342
755731	0.00130196284991997
29394	0
859	0.00582796628806689
214856	0.00128011872735567
1750	0.0326164588528463
1244	0.00964805763456335
1252	0.00842908635165469
204	0.00597939814924308
1334	0.00369943895163628
2751	0.00730676941195244
181487	0
157687	0.0140906704315899
45634	0
1338	0.00529237710521639
1328	0.00225080930623358
33011	0.0228528211750417
504	0
157692	0.00709780245649869
33038	0.00212060299568762
28135	0
33033	0.000796418151758691
495	0
1744	0.00414890392903873
28026	0.00457413214236915
1689	0.00950260877060733
824	0
199	0.000528305802312344
714	0.00193332120727776
28131	0.0138170668580989
649756	0.0108045123887954
47678	0.00423487412359991
1019	0.0234918127805104
489	0.0116849248720517
329854	0.0083160137054116
484	0.0103468110749915
641149	0.00155445195290205
157688	0.000918533591820228
157691	0.00962334890993146
735	0.00346885453473751
249188	0
483	0.00357848715384394
739	0.00572438504143815
29391	0.0210591245903178
113107	0.0126574032788998
39778	0.00488722931983171
