1314	0.000912584636768014
1358	0.00322184883866996
1311	0.000790488161619134
1309	0
216816	0.0145176712012808
1282	0.00645631268497613
158	0.0227665001036597
1747	0.000675932609159762
210	0.00454886951120257
1299	0
487	0
1680	0.122192524046255
837	0.00931102219126811
43675	0.00168919609375592
823	0.0397168808586747
Synechococcus_sp_JA_2_3B_a_2_13	0.00223166037645037
1280	0.00228166877672002
1063	0
357808	0.00462840486518239
200	0.00570602192343139
28151	0
239935	0.00284656889427077
39491	0
721785	0
169292	0.00214620724301272
732	0.00542425593666423
161879	0.0156531832420456
1018	0
84163	0.0238867741465487
40542	0
1382	0
29466	0.0109262613899575
2702	0.0102263607349069
553	0
1584	0.00593885151593249
47770	0.00175225277679205
133926	0.00193710282947612
28132	0.00748811102129332
Eubacterium_eligens	0.00503583224722795
166486	0
1322	0
860	0.0188924789861593
851	0.00872029599494806
539	0.00253629606560629
2718	0.010898465649574
853	0.00267124160701593
72	0.00811937939720859
143361	0.0113369635178926
1318	0
2047	0.0122863912533542
74426	0.00774794799880073
1379	0.00792731341881237
39488	0.012812894508241
1017	0.0038781517887319
43768	0
47671	0
626940	0.00646199349392913
28118	0.00796051472690438
28129	0
1639	0
486	0.00643807195919523
1590	0.0318287884808463
454155	0.00343676305228061
69823	0.0175768554652091
328814	0
139208	0.0011550436720946
301301	0
458033	0.00763553221165258
28112	0.00335541808878082
755731	0
29394	0.00765894913530729
859	0.00661054625375869
214856	0.0371737330533518
1750	0
1244	0.00853016656251521
1252	0.00722558543639804
204	0.0145798959680294
1334	0.0123425602210961
2751	0.039447776404388
181487	0.0321610781097659
157687	0.0378535225311372
45634	0.00649789705481114
1338	0
1328	0.00375889973066443
33011	0
504	0.0109901681531326
157692	0.00759391424853678
33038	0
28135	0.00569562377024478
33033	0.00342301289386695
495	0.00293780090760137
1744	0
28026	0.0140877794193585
1689	0.0039393177540126
824	0.00821567605985607
199	0.0054840302671813
714	0
28131	0
649756	0.0135920403147478
47678	0.0151621245176475
1019	0.00517769531176746
489	0
329854	0.00699581912064256
484	0.00957693436976979
641149	0.0129471307606358
157688	0.000901927910986288
157691	0.00656533126854848
735	0.0358064219916717
249188	0.0211910249009541
483	0.0189753911479682
739	0.0218766878382382
29391	0.0232357834883559
113107	0.00320160292861149
39778	0
