1358	0.000504074527099789
1311	0.0386802310160337
1309	0.00565343531374084
216816	0
1282	0
1747	0.0157607294587457
210	0.0104227155701351
487	0
29385	0
1260	0.000922282206068703
43675	0.0205994045626825
823	0.038651407468822
1280	0
39491	0.0182258440651162
721785	0.0543176662940347
169292	0
732	0.0129637609495872
161879	0
1018	0.0397310759186006
40542	0
33034	0
1382	0.00448554900517373
29466	0.0397461989132501
28035	0.00328063616799639
2702	0.027077404824742
47770	0
480	0.00458397474855568
38288	0.00134541389398512
28132	0.00227532040864438
Eubacterium_eligens	0.00277276313304497
166486	0.0125925576198385
850	0.00473592793285649
860	0.0135529279876352
851	0.00614389447587587
539	0.00456476468917975
2718	0.0156051457532908
853	0.0274726432978406
1318	0.00627909097911229
2047	0
74426	0.0357326090114735
1379	0.0229372093546911
1017	0.0125949571166986
43768	0.00199186421415833
54005	0.0213439410612712
47671	0
28118	0.00824441823103104
69823	0.00991451026448653
328814	0.0706172245878107
139208	0
755731	0.0114558287709515
29394	0.00938066527242282
214856	0.0256676861885528
1750	0.00145369726266526
33010	0.00270257191599682
108980	0
40216	0
157687	0.00713919087226686
28189	0.0106156673612603
45634	0.00472583560733388
1338	0.00442984909292707
1328	0.00809184473332563
33011	0.0236839601504376
28135	0.00237218252076706
495	0.00208315088908153
29382	0
1685	0.0228569854055063
827	0.00878217187835108
199	0.00659783375216619
109790	0.00593371634175283
28131	0.0110515865493424
43770	0
47678	0.0147493393218154
1019	0.0448088989706537
106648	0.0234529383709497
329854	0.0405207839820192
293	0.0146185546057181
484	0
641149	0.019437214661869
157688	0.0199875259382095
735	0.00310957362390655
483	0.0029937494197858
29391	0.00361940527923965
113107	0.0195126774093881
39778	0.00784133882802744
