1358	0.000668264485634415
1311	0.00705022808984095
1309	0.0121394365704153
216816	0.0356223345613512
1282	0.00372963986269087
1747	0.0116155184756103
210	0.0078663780940432
487	0.00898367691240879
29385	0.00104625798577334
1260	0.00156654133874244
43675	0.017610822037341
823	0.00362564001404674
1280	0.00169101867534937
39491	0.0189139377883478
721785	0.0429359601318162
169292	0.00869072728712891
732	0.00405630246114612
161879	0.0801139583266042
1018	0
40542	0.0111952989047277
33034	0.00385942200042128
1382	0.00683068188403763
29466	0.00176613428247691
28035	0.00108324390657449
2702	0.00404224640719688
47770	0.00748894956896509
480	0.00269947349929353
38288	0
28132	0.0163900291952661
Eubacterium_eligens	0
166486	0.0293334875742103
850	0.00506476159680817
860	0.00333044377543413
851	0.00855481843601429
539	0.0279182951488626
2718	0.00426957178321801
853	0.00496474083843806
1318	0.00985506211465611
2047	0
74426	0.016219094788273
1379	0.0481393089387542
1017	0.0138479408962071
43768	0.00347060078975896
54005	0.00561216140441178
47671	0.00381982698000652
28118	0.0409242015587878
69823	0.00406854670947865
328814	0.00336489317298576
139208	0.0306018895803716
755731	0.00217529082784369
29394	0.00837969495278056
214856	0.0148797836347789
1750	0.00840063836161411
33010	0.0113586190700219
108980	0.0240373547748167
40216	0.0098464377864796
157687	0.027996856976908
28189	0.00201174002297469
45634	0.0189323400704353
1338	0
1328	0.008036161354496
33011	0.0140515005413549
28135	0.00797223410652603
495	0.00231559155367295
29382	0.0857964709340478
1685	0.00263245588177085
827	0.00811725683380573
199	0.0167591927274673
109790	0.00086276421582198
28131	0.0109243057195021
43770	0.0122406338924328
47678	0.00287705118823384
1019	0
106648	0.0531743049965448
329854	0.00902836756910604
293	0.0054362041494359
484	0.00673655444305934
641149	0.0100472282498777
157688	0.00901684400688897
735	0.00355156481224646
483	0
29391	0.00356394822458265
113107	0.00537187833478716
39778	0.00682696095175763
