1358	0.00223619746872393
1311	0.0111429589381541
1309	0.00472752406513633
216816	0.00385439794301601
1282	0.00185394030601891
1747	0.00268769486724193
210	0
487	0.00376339158017808
29385	0.00335274894616821
1260	0.0128020834351762
43675	0.00053008216174369
823	0.00240955686027
1280	0.00321503077751319
39491	0.0165828749663248
721785	0.0214244736106793
169292	0
732	0.0379097060732988
161879	0.00912190415804381
1018	0.00306126289147963
40542	0.0016393786675477
33034	0.00222657626326895
1382	0.0131708296690659
29466	0
28035	0.0103986467687465
2702	0.00952475275734453
47770	0.0020736573749558
480	0.00167165298662106
38288	0.0124085848602237
28132	0.0936612706363266
39485	0.00587102681838302
166486	0.0187435079573504
850	0.00972602390205821
860	0.00806253817665163
851	0.00965802274895789
539	0.0025773473194487
2718	0.0019906816690874
853	0.0453837388607094
1318	0.0179711539673355
2047	0.0133848922850006
74426	0.00385433972775569
1379	0.00410967008706781
1017	0.0463142859997396
43768	0.028209012657296
54005	0.00421577179328072
47671	0.0152649193544237
28118	0.0225114841166731
69823	0.00265813901816282
328814	0.00153684863246517
139208	0.00784756388143482
755731	0.0108828045016837
29394	0.00229826114073654
214856	0
1750	0.00257159038863933
33010	0.0052897820026132
108980	0.0058822279013081
40216	0
157687	0.000844339858913993
28189	0.0335459607020036
45634	0.00377309756830894
1338	0.0514222585914965
1328	0.0244737419107679
33011	0.0129091533553213
28135	0.0112862114385685
495	0.00387079279341211
29382	0.0181749306288747
1685	0.0046611774137607
827	0.00334044912391273
199	0.0993280174272856
109790	0.00241859882328354
28131	0.0281168887770633
43770	0.00187388595666641
47678	0.0075707972614629
1019	0.0078022002955173
106648	0.00558037529444014
329854	0.00861661025092896
293	0.00749184668193891
484	0.034484168448661
641149	0.00590644231008003
157688	0.0154110846460751
735	0.00551060407442374
483	0.0126276003047582
29391	0.00122032827033247
113107	0
39778	0.00347162385021066
