1358	0
1311	0.0594319181162064
1309	0.00276371904404498
216816	0
1282	0
1747	0.0296898068025561
210	0.00497763900741624
487	0.00590847739146632
29385	0.00677535228417882
1260	0.0071219585819442
43675	0.00624063481060199
823	0.0174728573253659
1280	0
39491	0.00218943021087415
721785	0
169292	0.00336107360195959
732	0.14466353737822
161879	0.0101235795939645
1018	0
40542	0.00970168096020272
33034	0
1382	0.0238382673402457
29466	0.0204221779491621
28035	0
2702	0
47770	0.0070224055940299
480	0
38288	0.0056389229147858
28132	0.00610882793343107
Eubacterium_eligens	0
166486	0
850	0.00356037379251797
860	0.0124013453429887
851	0.101032014595757
539	0.00318741386647062
2718	0.024685878001935
853	0
1318	0
2047	0
74426	0
1379	0.00688416003715954
1017	0.00263685911681236
43768	0.00660384310330786
54005	0
47671	0.0083545743073861
28118	0.0302281344217941
69823	0.00708654671263059
328814	0.00724868619076055
139208	0
755731	0.00858627000899576
29394	0
214856	0.00387075234727504
1750	0
33010	0.00718327853754705
108980	0
40216	0
157687	0
28189	0
45634	0
1338	0
1328	0.0966785184744094
33011	0
28135	0.00406527311870585
495	0
29382	0.0311708934331537
1685	0.0277429263285081
827	0.0138632377413905
199	0.00368174730355963
109790	0
28131	0.00263424123921875
43770	0.109436624465588
47678	0.00319151340006239
1019	0.0108907595428303
106648	0
329854	0.00776294977907338
293	0.00959747402068556
484	0.0358695144106555
641149	0.0102548409890119
157688	0
735	0.00745239080435909
483	0.00273718528509177
29391	0.0107974870385644
113107	0.00517002540113743
39778	0
