1358	0.00645617561469538
1311	0.0141349904763626
1309	0.00308240492778274
216816	0
1282	0.015657970646668
1747	0.00446927157341557
210	0.0016665116759813
487	0.00241624791729125
29385	0.0335916728605537
1260	0.00297065084321459
43675	0.0029582474728123
823	0
1280	0.00794801266645906
39491	0.00360204211473155
721785	0.00646696973406292
169292	0.0740176639224416
732	0.000670513248169693
161879	0.00240158215605343
1018	0.00362711398665218
40542	0.00584709108967077
33034	0.00379911687459126
1382	0.00261210982462461
29466	0.00170414596757301
28035	0.00920551876657138
2702	0.00384328344570654
47770	0.000918591070045405
480	0.0147468115729269
38288	0.0152988228517332
28132	0.0245958580366164
Eubacterium_eligens	0.00345567568190735
166486	0.0057359689770742
850	0.00611792961047517
860	0.0067704889032725
851	0.00517929881434706
539	0.000960926837933964
2718	0.00261761818463514
853	0.00534346452573925
1318	0
2047	0.00785203139275478
74426	0.00458202414051894
1379	0.000627198394193751
1017	0.015905860609335
43768	0.00163093928596199
54005	0.0021092556608502
47671	0.0417886132707311
28118	0.00848158263852139
69823	0.024772308274446
328814	0.0139173121643451
139208	0.0137164119433014
755731	0.0127415225423539
29394	0.00714184198978659
214856	0.149236012010723
1750	0.011751805152843
33010	0.0113023987161755
108980	0.0108091324444878
40216	0.0563233693410641
157687	0.0258418895900777
28189	0.00426319556386403
45634	0.054404286496324
1338	0.0070568686168875
1328	0.00678497243022164
33011	0.00624462061336408
28135	0.00742447480115069
495	0.00424612754825536
29382	0.017524775016559
1685	0.00302224018541711
827	0.0165146704717758
199	0
109790	0.0158107608670057
28131	0.00433379767182954
43770	0.0027683699699728
47678	0.00528941592199648
1019	0.00843974331538984
106648	0.0294485931268093
329854	0.00888094275630226
293	0.0126225606007797
484	0.00655199352590586
641149	0.0196423208427367
157688	0.00246032813116965
735	0.00311548935205661
483	0.00167545836439709
29391	0.0155050669412595
113107	0.00412989677151437
39778	0.00641675766179203
