1311	0.0127198012881919
216816	0.0163104818722166
1282	0.00432931158202531
1747	0.00731275554340065
210	0.0193702545955386
1260	0.0116210795348572
43675	0.0148977501981994
823	0.061380327622581
1280	0.00124619900382594
134821	0
239935	0
39491	0.0152968932285922
169292	0.00313041531314224
1018	0.00652590901489351
2702	0.00328170424333629
884684	0.00650090448434304
1584	0
2098	0.00161134813138295
47770	0.00220013584535791
28132	0.00615731920936958
860	0.132287597493607
851	0.0108449607265942
853	0.00986167089556644
1318	0.0219514921850747
2047	0.00723243251434874
43768	0
54005	0.0269897640243593
28118	0.191711479928628
28129	0.0522497770748414
2051	0.00384550233371313
328814	0.0284475173091684
28123	0
755731	0.0286788362505198
97478	0.018363566567639
214856	0.0170940754515328
13690	0.0165327419644342
33010	0
157687	0
1328	0.0820597165222759
1685	0
1689	0.0185204729740445
827	0.0582408293244172
199	0.0137897264997607
109790	0.0218993598909129
47678	0.0220460897316484
329854	0.0234597996256593
39778	0
