1311	0.0607068873752332
216816	0.00507570193073965
1282	0.00874728282109052
1747	0
210	0.00517390834720966
1260	0
43675	0.0496897063448252
823	0.120044451312828
1280	0.05458939223701
134821	0
239935	0
39491	0
169292	0
1018	0.0411753181297408
2702	0
884684	0
1584	0.0225497674038145
2098	0.0154853377157692
47770	0.00817435817576101
28132	0
860	0
851	0.00606294379123204
853	0
1318	0.0154621819613017
2047	0.0154721929452843
43768	0
54005	0.0227523534209314
28118	0.040821560998835
28129	0.0212166698080881
2051	0
328814	0
28123	0
755731	0.0675801437113006
97478	0
214856	0.0888188207189389
13690	0.0553070969578147
33010	0.0111133088221793
157687	0.00944974821192343
1328	0.0198272654229603
1685	0
1689	0
827	0
199	0.0949907024765855
109790	0
47678	0.0265614211687881
329854	0.0534300170064449
39778	0.0597214607833696
