1311	0
216816	0.109898272312723
1282	0.017212983105434
1747	0
210	0
1260	0
43675	0
823	0.026251082244512
1280	0.0100899787959883
134821	0
239935	0
39491	0
169292	0
1018	0
2702	0.0494606013245413
884684	0
1584	0
2098	0.00803599966498349
47770	0.00810404498294388
28132	0.0847922725154896
860	0.0248595358363025
851	0
853	0
1318	0
2047	0.0102395000925228
43768	0
54005	0
28118	0.0421303883137549
28129	0
2051	0.00526159833884377
328814	0.094944867378623
28123	0.0477631834995307
755731	0.141629770083262
97478	0.00969560658622416
214856	0.0609590528333343
13690	0
33010	0
157687	0.111421287620379
1328	0
1685	0
1689	0
827	0.0799228201580166
199	0.0111799005059464
109790	0
47678	0
329854	0
39778	0.046147253806644
