1311	0
216816	0.00719264592045886
1282	0.0221756389405826
1747	0.00589393171509722
210	0
1260	0.010568018812006
43675	0.0169441795698513
823	0
1280	0.0128606086051833
134821	0.00106681791969464
239935	0.0337049000176124
39491	0.480632855070306
169292	0.0275218422968053
1018	0
2702	0.013004409854933
884684	0
1584	0
2098	0
47770	0.00678457947714414
28132	0
860	0.0198732591855241
851	0
853	0.0425390788799531
1318	0
2047	0.00379756647714508
43768	0
54005	0
28118	0.080587897016818
28129	0
2051	0
328814	0
28123	0.0207890069385414
755731	0.025973689064105
97478	0
214856	0.00613770016062745
13690	0
33010	0
157687	0
1328	0.0111817460662487
1685	0
1689	0
827	0.0379991797274868
199	0.00167244166827881
109790	0
47678	0.0201478441198388
329854	0.0185502721772274
39778	0.0723998903185301
