1311	0.00706399587037024
216816	0
1282	0.0145374177789899
1747	0.0253119702423529
210	0.0223595472907112
1260	0.0028070660778957
43675	0.134708799119086
823	0.048315782041547
1280	0.0866975518671596
134821	0.00111547052700654
239935	0
39491	0.134775371397779
169292	0
1018	0
2702	0.00515439193380153
884684	0.00446760992348689
1584	0
2098	0
47770	0.0280845781728878
28132	0
860	0.0395149802523259
851	0.0145947888534262
853	0
1318	0.0588645279248184
2047	0.0432116391072924
43768	0
54005	0
28118	0
28129	0
2051	0.0448737399057624
328814	0.0175751115051455
28123	0
755731	0.0163788746925131
97478	0
214856	0
13690	0.0504338685302599
33010	0
157687	0.0065354626144089
1328	0.0356550346465217
1685	0.025641085447214
1689	0.100249464421401
827	0.0053260359183036
199	0.00438797912386826
109790	0
47678	0.0213578548136646
329854	0
39778	0
