38289	0
1358	0.00917814927723344
1311	0.00454852533568217
9	0.00173532012835009
1309	0.00632460766118273
216816	0.0079933854960686
1282	0
158	0.00229703950033387
1747	0.000857064728717664
1299	0.00575967833131867
487	0.0237330394927925
1624	0.0330340575148236
29385	0.00377104846801318
1260	0
72000	0.00964984973446955
1680	0
837	0
43675	0.024711902758818
152794	0.100127427779216
36861	0
1502	0.0075057481139464
1076	0
1280	0
1580	0.00581371452032164
1255	0
1598	0
239935	0
39491	0.0125940484880243
28025	0.00492244049115573
169292	0.011666442535897
161879	0
1276	0.00675487110166252
33034	0.00953877919962768
1382	0
53461	0.00273534283825975
2054	0.0531642337559784
29466	0.0037440120322632
2057	0.0078150478272377
28035	0.0160458798856114
2702	0.00277030012003934
884684	0.00611259887521693
553	0.0073116401461609
33964	0
47715	0.00307473919724286
1584	0.0132707550385046
43771	0.0192057291125818
47770	0.00394139598114997
480	0
28264	0.00763901095600781
38288	0.00583081239855874
133926	0.00708391240841153
28132	0.00130785164513802
89152	0.0113851113293911
166486	0.00273708921098378
1322	0
860	0.000757404947120641
851	0
539	0
1249	0.0384893155114456
853	0.00303044533353382
1318	0
2047	0.00702543264236679
1681	0.00763809207085067
74426	0.00784689392947687
1379	0
39488	0.00563818469999626
1352	0
1017	0.00350285687431081
43768	0
258224	0.0115246034565963
1727	0
54005	0.00866068936693661
47671	0.0010542234028117
1014	0.0374876242662869
28129	0.00378636196310737
256701	0
1590	0.00174277088141863
266	0
118562	0
28123	0.00213163309059578
316	0.000580593064470043
1078471	0
1623	0.00581252134422527
1625	0.00179636989586144
29394	0.00374831823156758
84595	0
502394	0
1750	0
51669	0
138336	0.0105126323411657
29378	0.0180061776776427
1244	0
1252	0.0342581385924811
477641	0
13690	0.0073693940613926
1334	0.00242826438295238
1721	0.00223614690371977
33010	0.0389890786395287
108980	0.00522712738091054
40216	0.0050676796274747
90245	0
157687	0
28189	0.00251674608628492
45634	0.0018798116213555
1351	0.0205050284910431
1338	0.00256167718203086
1328	0.00141850265519741
33011	0.00461987862800842
980427	0
446660	0
29419	0.0263226393374398
33038	0.0143466684837028
28135	0
1121358	0.00252016909956436
495	0.00365852019986061
1683	0
1685	0.00104078039508054
28026	0.00594837959768995
1689	0.0121568473603475
137591	0
44008	0.00668742266414273
246432	0.0015764408469608
155892	0.0136030350509404
1286	0.0109720211595937
2055	0.0139590930816913
109790	0.0124577471468827
1697	0
40215	0.0214452904698871
28131	0.00463135221372606
108981	0.000966452251620712
43770	0.010098783733469
170573	0
47678	0
1599	0.00838260632898965
293	0.00544469396689715
1583	0.0256513921312644
484	0
157691	0.000547788228115831
739	0.00857483017599789
29391	0
113107	0.009445692322735
39778	0.00201813109283924
