38289	0.00223638056898375
1358	0.0341308759287276
1311	0.00165144699932702
9	0.00427546527405429
1309	0.00641522279872519
216816	0.0158093914483702
1282	0.0110031039763988
158	0
1747	0
1299	0.00422931277897911
487	0
1624	0
29385	0.00433231211636936
1260	0
72000	0.00754567149283621
1680	0
837	0.0063995154142137
43675	0.0269985453406204
152794	0
36861	0.00410546962088519
1502	0.00102588370510491
1076	0.00185391859806224
1280	0.00212868805040538
1580	0.00821078078042807
1255	0.00421695200134833
1598	0.00436253044888121
239935	0.0205960481442048
39491	0.00965649401254707
28025	0
169292	0.00744705424342982
161879	0.00410387244610039
1276	0.00300526791785608
33034	0.00286514827356009
1382	0.00259891714992231
53461	0.00177377124188969
2054	0
29466	0.0233313350216474
2057	0.00116170581033298
28035	0.00775647381632945
2702	0
884684	0.00581908722577718
553	0
33964	0.00295828014215876
47715	0
1584	0
43771	0.00593350234543219
47770	0.0137174912097973
480	0.00972945517841567
28264	0.0110173477897041
38288	0.00209399637450581
133926	0.0300799298565483
28132	0
89152	0.0105050570676974
166486	0.0035635186931238
1322	0.00705462618003142
860	0.00101674031719357
851	0.00124139047098748
539	0
1249	0
853	0.00379607737179647
1318	0
2047	0.00311402586998749
1681	0.00581165546693986
74426	0.0022088231936812
1379	0.00579324472255777
39488	0
1352	0.00380898192444563
1017	0.0144035187202496
43768	0
258224	0.00177009931281447
1727	0.00586517444681137
54005	0.014375028625176
47671	0
1014	0.0032085366351827
28129	0.0155768180539981
256701	0.00347881804072029
1590	0
266	0.00242849827724553
118562	0.00874432514024704
28123	0.00350253096872385
316	0.0314686427582975
1078471	0
1623	0.0143286091175832
1625	0.00582330694021117
29394	0
84595	0.00338683525104264
502394	0.00324214001691289
1750	0.00966225286323277
51669	0.00289662422505176
138336	0.00229806756339432
29378	0
1244	0.0023269622596969
1252	0.00561298718323219
477641	0.00282384521499539
13690	0.0126681222251163
1334	0.00187162062963352
1721	0
33010	0.00557774747734443
108980	0
40216	0.0147267629704149
90245	0.00497181234226924
157687	0.00615370475842303
28189	0.00650501953555092
45634	0.000873025382832177
1351	0
1338	0.011751991089138
1328	0.00373753902306611
33011	0.00241716410321136
980427	0.00334584928554476
446660	0.00205946083998406
29419	0.00514210474387207
33038	0.00187665495646276
28135	0.0185306263069809
1121358	0.000950083752155767
495	0
1683	0.00413890641236209
1685	0.0439535303430409
28026	0.0224888298522761
1689	0
137591	0
44008	0.00420984182259093
246432	0
155892	0.0255487101391475
1286	0.0112358979748626
2055	0.00260809996817794
109790	0.00349703056075213
1697	0.0105893310155713
40215	0
28131	0.0544434234676623
108981	0.136310478742097
43770	0.000977275885217786
170573	0.00639554173146341
47678	0.00348838195114975
1599	0.0011628894499779
293	0.00236631895824878
1583	0.0123765212465558
484	0.00378770960975041
157691	0.00295450585487217
739	0.0165930415629541
29391	0.00374033935062837
113107	0.000993175046364507
39778	0.00126652119613399
