38289	0.00945406295130762
1358	0.00191528702979356
1311	0
9	0.00292732576238828
1309	0.00858779999608676
216816	0.00322918751994651
1282	0
158	0.0518568866191797
1747	0
1299	0.0123446528724054
487	0.00223513671848895
1624	0.00320710972723752
29385	0
1260	0
72000	0
1680	0.00767111384523936
837	0
43675	0.00485671995332284
152794	0.00773450775335842
36861	0.0114450109004793
1502	0.0293802763710881
1076	0
1280	0.00246532187391833
1580	0.000454872784061959
1255	0.00217523105708927
1598	0.0285593261171319
239935	0.00293714278039795
39491	0.00558648618022303
28025	0.0111624837017669
169292	0.0289694065112127
161879	0
1276	0
33034	0
1382	0.00314827340272442
53461	0.0289265718953749
2054	0
29466	0.00311608512873673
2057	0
28035	0.00269719103134888
2702	0.00948424939929739
884684	0
553	0.00472510935324577
33964	0.032578676385012
47715	0
1584	0.00685226915214918
43771	0.00304893725224934
47770	0.00182667189205354
480	0.0126750151474181
28264	0.00509232493081821
38288	0.00310740212905274
133926	0
28132	0.000568722595229459
89152	0.0117195178583684
166486	0.00994725120588615
1322	0
860	0
851	0.00391059978102572
539	0.0027843535673976
1249	0.00621425051543622
853	0.00637903907358302
1318	0.0158712060223893
2047	0
1681	0.00239427163463424
74426	0.0093961309767938
1379	0.0124354148195087
39488	0.00965973777626952
1352	0.00535524079622036
1017	0.00500450804167225
43768	0.00582362077939276
258224	0.0039080293960264
1727	0.0368909407281466
54005	0
47671	0
1014	0.0290956187864151
28129	0.00232517699298041
256701	0
1590	0.00640237279300066
266	0
118562	0
28123	0
316	0.0124390211559291
1078471	0.00420822143534812
1623	0
1625	0
29394	0.00269227769330119
84595	0.00505320156199777
502394	0.00671079613141129
1750	0.0405100679798279
51669	0.00131455062953178
138336	0.00207950848024394
29378	0.0102921419889578
1244	0.023243446507143
1252	0.0027431811829394
477641	0.00496129748580636
13690	0
1334	0.0320147672661805
1721	0.00207696717226313
33010	0.012551137039769
108980	0.0208730152029155
40216	0.00493054024898321
90245	0.011087625035558
157687	0.00615612761899609
28189	0.00104747416668135
45634	0.00964326095610571
1351	0.00152023165825499
1338	0
1328	0.0086200355062943
33011	0
980427	0.00873105153527307
446660	0.0111074026317844
29419	0
33038	0.0108068742728601
28135	0
1121358	0.00723758658395693
495	0.0104038299162284
1683	0.00275689371767932
1685	0.00173514501050624
28026	0.00893579356551723
1689	0
137591	0.00695203445170349
44008	0.00383908587527985
246432	0
155892	0
1286	0.0147340283650212
2055	0.0141705946325196
109790	0.00755106272563625
1697	0
40215	0.00908242306863932
28131	0
108981	0.000869853825156199
43770	0
170573	0.0222842102581022
47678	0.0182537198801488
1599	0.00406563687057794
293	0.0243486611966817
1583	0.00598885014221644
484	0.00681217702325782
157691	0.00193828990689237
739	0.00898088375020259
29391	0.00613113209324532
113107	0.00201772155707526
39778	0.0109760327734162
