38289	0
1358	0
1311	0
9	0.0281523903312445
1309	0.00878937423357688
216816	0.00481001171082359
1282	0.0175034812217079
158	0.0368411278806368
1747	0.0267958657539474
1299	0
487	0.0025254855000471
1624	0.000548516452731118
29385	0.00883970548820764
1260	0
72000	0
1680	0.00256201013821043
837	0.00757445494592447
43675	0
152794	0.0158167356770375
36861	0
1502	0.000632681081073033
1076	0
1280	0
1580	0.00319657019607977
1255	0
1598	0.000721136919028872
239935	0.00153201193410259
39491	0.0636261651450873
28025	0.00533238072153539
169292	0.00904409564871952
161879	0.00505448657087626
1276	0.00552299176452509
33034	0.0155068172686145
1382	0.030143362686405
53461	0
2054	0
29466	0.00373768539803593
2057	0.00242613075086691
28035	0
2702	0
884684	0
553	0
33964	0
47715	0.0143873298247761
1584	0
43771	0
47770	0
480	0
28264	0
38288	0.0137647420878717
133926	0
28132	0.00817477960402433
89152	0.0126151325077155
166486	0
1322	0
860	0
851	0
539	0.00634030332728482
1249	0.00622687772970037
853	0.00146876325304297
1318	0.00311753256497502
2047	0.0146548129991486
1681	0.00328400164867767
74426	0.00961621542916273
1379	0.00506649505427254
39488	0.00391744526554932
1352	0.00821764444091484
1017	0.00069132038101584
43768	0.0333103766637359
258224	0
1727	0.0217435330340205
54005	0
47671	0.0135889865804628
1014	0.00186493070977707
28129	0.00598098056080487
256701	0
1590	0.00441981216202558
266	0.00154698460187222
118562	0.0021531195191852
28123	0.0275150355351596
316	0
1078471	0.00354968042932512
1623	0.0215367299225018
1625	0.00213627536647035
29394	0
84595	0.00576841806470044
502394	0.0419164065523867
1750	0
51669	0.0651706524918502
138336	0.00925138412123259
29378	0
1244	0.0152356328439456
1252	0.0116667824790977
477641	0.00787210458912298
13690	0.00308540695046873
1334	0
1721	0
33010	0.00293647866794999
108980	0
40216	0.00138053529385483
90245	0.00776218822756648
157687	0
28189	0.0317374517097715
45634	0.00915093043723552
1351	0.0166421109157431
1338	0.00194567614654588
1328	0.00347142003064995
33011	0.00340355898304601
980427	0.000593027690204916
446660	0
29419	0.0124607107130665
33038	0.00251980153214754
28135	0.0105247394787088
1121358	0.00116912897682219
495	0.00807913817314735
1683	0
1685	0.0146347349884849
28026	0
1689	0
137591	0
44008	0.00748652466408367
246432	0.0050696855566014
155892	0
1286	0.00674072035772047
2055	0.0185361544702982
109790	0
1697	0.0164737147840606
40215	0.0358197879806261
28131	0
108981	0.00361317844032002
43770	0.019327957109558
170573	0
47678	0.00702560765369143
1599	0.0108383484229456
293	0.00473337547115426
1583	0.0120197036362093
484	0
157691	0
739	0
29391	0.00116669270518201
113107	0
39778	0.00464461206727978
