38289	0
1358	0.00254793832395253
1311	0.00342280443547309
9	0.00375730990790668
1309	0
216816	0.00141729883443169
1282	0
158	0.00193535169158123
1747	0.00938611617107803
1299	0.011419000096285
487	0
1624	0
29385	0.00310805809755336
1260	0.0116717020146317
72000	0
1680	0.00525042846239907
837	0.0086384339171338
43675	0.0922068065188037
152794	0.00415456171978251
36861	0
1502	0
1076	0.00639151071653115
1280	0.0315451726400599
1580	0
1255	0.00131722456842679
1598	0
239935	0.00120109160270329
39491	0.0198383269423761
28025	0.00211423292288704
169292	0.00419273910003274
161879	0
1276	0.0208677795083399
33034	0.00543278417590707
1382	0
53461	0.00567962494351958
2054	0.00338963509747869
29466	0.0591640149408068
2057	0.000556829572774088
28035	0.0125317370033125
2702	0.0296069853060149
884684	0.00249945305902387
553	0.00313881439922106
33964	0.000882334001570868
47715	0.00328555864137295
1584	0.00161725980671928
43771	0.00316103772463199
47770	0
480	0.00381973552715929
28264	0
38288	0
133926	0.0134172766884528
28132	0
89152	0.00706531819846446
166486	0.00297459368260285
1322	0.00139881270232033
860	0.00562637218506566
851	0.00049746245584997
539	0.00504916661659207
1249	0.00444762107354935
853	0.0350711129965812
1318	0
2047	0.00793651288624093
1681	0.0110728081831731
74426	0.0154869466923148
1379	0.00209965114789306
39488	0.000721111656920705
1352	0.00962275449671304
1017	0.00372255156214137
43768	0
258224	0.0145004428230369
1727	0.00286973188030496
54005	0.00394807762125257
47671	0.00578757447466432
1014	0
28129	0
256701	0.0232278740215688
1590	0.0063400909734489
266	0.0286519132105177
118562	0.00258232369052307
28123	0.00711466999999707
316	0.00604430550151133
1078471	0.0233652456508041
1623	0.0178228618755917
1625	0.00193299497911262
29394	0.00103807464682466
84595	0.00192000536618559
502394	0
1750	0.0105879160053256
51669	0.00287280981725701
138336	0.006206426707128
29378	0.00253480848788951
1244	0.00316733545336166
1252	0.00184419002474588
477641	0.00211674135581205
13690	0.00464378149454545
1334	0.000867186760823875
1721	0.00187147358526942
33010	0
108980	0.00522180568453616
40216	0.016970359694785
90245	0.0202653720037712
157687	0.00302281378741097
28189	0.0227639332948806
45634	0.00237283283346203
1351	0.0068709926105501
1338	0.00146662018163471
1328	0.0537143796322017
33011	0.00726106462254503
980427	0
446660	0
29419	0.00787426580770765
33038	0
28135	0.00932055159411656
1121358	0
495	0.0014065582695823
1683	0.00221335791083423
1685	0.00226108432606545
28026	0.00530450542987373
1689	0.000605072017850133
137591	0.0119408012632668
44008	0.00378927325048423
246432	0.00883342586215919
155892	0.0044089383730993
1286	0.0044788507799928
2055	0
109790	0.00678726807508113
1697	0
40215	0.00361993422062878
28131	0.000553484872588241
108981	0.00242862657894115
43770	0.0218641395521277
170573	0.0199569441841728
47678	0.00478648826504148
1599	0.0117158912408234
293	0.00389863735606572
1583	0
484	0.0160708880391836
157691	0.00581825205894758
739	0.00194361849679106
29391	0.00214757728966437
113107	0.00313611115332365
39778	0.00168665736154884
