1358	0.00606986075330313
1311	0
1309	0.00349960424703192
216816	0
1282	0.0211019535441402
1747	0.0256959446938669
210	0.00653025533492871
1496	0
1260	0
1680	0.167363332006325
43675	0.00843733571949264
2317	0.0106835138500998
823	0.0191286927024229
1502	0.0565102375607256
2173	0
1598	0.00299804246826426
76517	0.0583893009427196
1491	0.0282886663273915
239935	0.0064603992354484
39491	0
28025	0.0205431854362917
732	0.021102513053875
1382	0.00528762670539684
84112	0.0218774976457884
29466	0.00808938370519969
2702	0
47715	0.0236892195453773
2098	0.014951664573058
47770	0
28132	0.0144133465875811
Clostridium_saccharolyticum	0.0077513387061557
Eubacterium_eligens	0.00158875039603642
29347	0.0102401068068253
89152	0.00911114715226357
89153	0.00673385557624687
166486	0.028255077939763
1322	0.00878436276612134
850	0.00823488310401004
860	0.00751365988830908
851	0.00159583852745772
861	0
847	0.0129947580844453
154046	0.00720457508635742
853	0.0293611973206225
1318	0.016549795623908
2047	0.00781633278356956
1681	0
74426	0.0109403087220494
1379	0.000877338000362818
39488	0
1352	0.0253275196962117
54005	0
47671	0
626940	0.00211592636952458
28118	0.00839836216127044
1590	0
454155	0.00880089725284165
1161942	0
328814	0
39483	0
28123	0
139208	0.00651931273575628
1623	0
301301	0
187327	0.0167464259362174
755731	0
859	0.00337568907290364
214856	0
502558	0
157687	0
33035	0
45634	0.0101844509103466
1338	0.0168576639821388
1328	0.00336152225569792
446660	0.0122629315785304
33038	0.031094081343462
33033	0.00584113657379891
1683	0
1685	0.0107460820432818
28026	0.0213434076713742
1689	0
827	0.00648585768845513
199	0
907	0.0112632421237545
137591	0.00734103773601206
292800	0.00628534609037245
109790	0.014194560016516
649756	0
47678	0
329854	0.0122429777626695
901	0.00566399828277031
249188	0.00983145998379446
29391	0
113107	0.00375077082835039
39778	0.0133004367807162
