1358	0
1311	0.00828075853988549
1309	0.0450614285834825
216816	0.00757198596005035
1282	0.00727964268961056
1747	0
210	0
1496	0.00486194577717328
1260	0.0063365144167358
1680	0.0193742336819328
43675	0
2317	0.00956071629437166
823	0.000790164961375214
1502	0
2173	0.0026401939532009
1598	0.01073256766949
76517	0.00193049821228249
1491	0.00990121115375141
239935	0
39491	0.0206442529315447
28025	0.0163501027312262
732	0.00691803523307488
1382	0.00348343703253303
84112	0.0121089935822597
29466	0.0361058356074722
2702	0
47715	0
2098	0.0185528707106155
47770	0.0133046925163724
28132	0
84030	0.00902487066919454
39485	0
29347	0
89152	0.0108054252170851
89153	0.0392299503142251
166486	0.00460909126975203
1322	0
850	0.00515737445887748
860	0.00248280445726166
851	0.00673325555864579
861	0.0111960364782386
847	0.0014625340379765
154046	0
853	0.00473993363830548
1318	0.00180234452674101
2047	0.00233351282204477
1681	0.0112694753757447
74426	0.00491927915637991
1379	0
39488	0.0260800993744521
1352	0.00361014817193398
54005	0
47671	0.00846333966026822
626940	0.0183054775295231
28118	0
1590	0.0443797880267831
454155	0.022205328306573
1161942	0
328814	0.0130963501627704
39483	0.0055158015197548
28123	0.00896304870105939
139208	0.0188063978655056
1623	0.00809144353185008
301301	0.00722967594007452
187327	0
755731	0.00194980221246558
859	0.00545919435965328
214856	0.0518284584834756
502558	0.00335497126789871
157687	0
33035	0.00798326751699784
45634	0.00136135417408107
1338	0
1328	0.00531586267040595
446660	0
33038	0.110679676839962
33033	0.0026425997463421
1683	0.0106333983745591
1685	0.0164250076882357
28026	0
1689	0
827	0
199	0.00306592804761095
907	0.00556293078967617
137591	0.00265246505159263
292800	0
109790	0
649756	0.004067981226672
47678	0.0141693708214046
329854	0.0095890573916203
901	0
249188	0.000355821361214305
29391	0.175715875577551
113107	0.00488410738911914
39778	0
