1358	0.0151431015474312
1311	0.00503701108121695
1309	0.0102368238746485
216816	0.00277643781339154
1282	0.00961033161703406
1747	0
210	0.00554834912139361
1496	0.0083717903036817
1260	0.0259146415289966
1680	0.0277544540363155
43675	0.0121251131102769
2317	0.0158655748315293
823	0.012788333055674
1502	0.00436262185115846
2173	0.0317090152724138
1598	0
76517	0.0117319171550943
1491	0.00358379143142297
239935	0.00425227643142842
39491	0
28025	0.115799468664763
732	0.00250714718641823
1382	0.00506707265592501
84112	0
29466	0
2702	0.0423626624650364
47715	0.00318533586863293
2098	0.0429304277303169
47770	0
28132	0.0127564239940742
Clostridium_saccharolyticum	0.0149728391657434
Eubacterium_eligens	0.0228818398769034
29347	0.00895077307721143
89152	0.0113738617853399
89153	0.00567327627911068
166486	0.00737990056972774
1322	0
850	0.00583206872658632
860	0
851	0.00915682880740483
861	0
847	0.0162048319900568
154046	0.0052842358838165
853	0
1318	0.016963954546061
2047	0.00878063882446714
1681	0.0125141135222949
74426	0.0183665785219666
1379	0.00542786673188874
39488	0.0154335455080697
1352	0.000945253279114267
54005	0.00806405129459628
47671	0
626940	0.012060063626078
28118	0.0309791585916974
1590	0.00175108701966989
454155	0.0103105332403618
1161942	0
328814	0.0201111027566179
39483	0.020177112300664
28123	0.0046016795420595
139208	0
1623	0.003032964716628
301301	0
187327	0.00696199113023001
755731	0.00692964568366526
859	0.00886561652398536
214856	0.009706537815437
502558	0.0056540741373105
157687	0.0403902102902144
33035	0.0145915912913168
45634	0.0121731368596098
1338	0
1328	0.00903914155451973
446660	0.00394052187590977
33038	0
33033	0.00657679702208661
1683	0
1685	0.00966054920245612
28026	0.00516696685224426
1689	0
827	0.00506172529944311
199	0.015594405887181
907	0.00358273443161937
137591	0.0101697216234141
292800	0
109790	0.014042674725439
649756	0.00498026542023852
47678	0.0103522216719107
329854	0.0116857567800267
901	0.0242899418938057
249188	0.00327860928811329
29391	0.00874024016637524
113107	0.0161712031533333
39778	0.003743436607704
