1358	0.0227138359366902
1311	0
1309	0.00756776625576538
216816	0.0206081340502253
1282	0.0216894797622162
1747	0.00493779913277454
210	0
1496	0
1260	0.00160569446375123
1680	0.0025014771619401
43675	0.00157942192440061
2317	0
823	0.0146182110268721
1502	0
2173	0.0623152091353111
1598	0
76517	0.00555409281713659
1491	0.00894836092347906
239935	0.00406397035552923
39491	0.0119016372683902
28025	0
732	0
1382	0.0124322663592479
84112	0.00581010266455081
29466	0.0228591419516058
2702	0.00718712530026849
47715	0
2098	0
47770	0
28132	0.0350918106956277
84030	0
39485	0.00264734694481132
29347	0
89152	0.00677963340320534
89153	0.0202206014950495
166486	0.00804716912063631
1322	0
850	0.0206656602124514
860	0.00129256618702219
851	0.00351065285559243
861	0.00741382943173752
847	0.0335264569537951
154046	0.0170129107044308
853	0
1318	0.0131162051280384
2047	0.0078301254415976
1681	0.00506711581963086
74426	0
1379	0.00221729793905597
39488	0.01126161742078
1352	0.0210701854208576
54005	0
47671	0.0122463082271088
626940	0.0034464477382529
28118	0
1590	0.0314933534252367
454155	0.007348795131689
1161942	0
328814	0.00198931489936002
39483	0.041325671594936
28123	0
139208	0.00520050744528147
1623	0.0159324360910528
301301	0.00234337934034259
187327	0.016883377369818
755731	0.0182448316119569
859	0.0131762003958947
214856	0
502558	0.00290146804994824
157687	0.0323916739536004
33035	0
45634	0.00391010393825136
1338	0.0209810544409685
1328	0
446660	0.00201712005017269
33038	0.00632210871002938
33033	0.0304268814125147
1683	0
1685	0
28026	0
1689	0.00199795320009881
827	0.0907092738397978
199	0
907	0
137591	0.0176439206334927
292800	0.00609805640111512
109790	0.0598724257926442
649756	0.00551667808378697
47678	0.00508313695984103
329854	0.00638704655648698
901	0.00730948633611106
249188	0.00136490144447347
29391	0.00773650407729804
113107	0.000569482086588724
39778	0.0654651890973751
