1358	0.00864478110494475
1311	0.00347800555214656
1309	0.0102542742761775
216816	0.00169500136289177
1282	0
1747	0
210	0
1496	0
1260	0.0109897546400159
1680	0.0130117928440723
43675	0
2317	0
823	0
1502	0.03408013412963
2173	0.0246613845650679
1598	0
76517	0.0145915997308612
1491	0.00129501135606623
239935	0.00300069897948283
39491	0
28025	0
732	0
1382	0.0313309454579669
84112	0
29466	0
2702	0.00889785219247403
47715	0.00964953984028834
2098	0.0141086402098048
47770	0.00279147382819903
28132	0.00717212246560091
84030	0.00909200381850593
39485	0
29347	0
89152	0
89153	0
166486	0.00710360139150207
1322	0
850	0
860	0.025917444215171
851	0
861	0.00292946769077523
847	0.00895398752162592
154046	0.0163360439438157
853	0
1318	0.0297233596170759
2047	0
1681	0
74426	0
1379	0
39488	0
1352	0.0030272684001831
54005	0.00209924421634027
47671	0.0352954028945796
626940	0.0134535863738799
28118	0.0300227685658888
1590	0.00935365726655099
454155	0.00241179218928591
1161942	0.00831875269404802
328814	0.00287886475875126
39483	0.0194468343374869
28123	0.10790182283309
139208	0
1623	0.0119604261066396
301301	0.00723650843063703
187327	0.0101671335863768
755731	0.00153290950393613
859	0
214856	0
502558	0.0112903280557247
157687	0
33035	0.00519167166599537
45634	0
1338	0.016075718362938
1328	0.00856034582050321
446660	0
33038	0
33033	0.0121275707822212
1683	0
1685	0.00983081163645478
28026	0
1689	0
827	0.032407392224202
199	0.00865667367118763
907	0.0159315545284256
137591	0.0812717709241768
292800	0.00938923068457477
109790	0.00318839453899259
649756	0
47678	0.116804959029998
329854	0
901	0.0287657641786109
249188	0.00298093320693469
29391	0.0540478359813174
113107	0
39778	0.0186631518159052
