1314	0.00277926344464776
1358	0.0165461124914003
1311	0
1309	0.000864243997633028
216816	0.0182329738378314
1282	0
158	0.007044954200329
1747	0.00395582595167707
210	0
1299	0
487	0.00919035879424566
1680	0.00116108978926456
837	0.00865499232394438
43675	0.00568907288231888
823	0.0107699748977505
321332	0
1280	0
1063	0.0674679513627098
357808	0.00215588733580949
200	0.00476876407887896
28151	0
239935	0.00258799642254126
39491	0.00248870955265994
721785	0.0082175092336645
169292	0.00967415948229554
732	0.00237802495561926
161879	0.0010142581386754
1018	0.0256543747421485
84163	0.0362929273849971
40542	0.0326611027702875
1382	0.00367737037483807
29466	0.0114796835641702
2702	0
553	0.00377848591858678
1584	0.00511458021592256
47770	0.00301512410066849
133926	0
28132	0.00244070386480133
39485	0.00934467151699903
166486	0.00620041853964072
1322	0
860	0.00598880933187324
851	0
539	0.0270619213866679
2718	0.0333167069665894
853	0.0102153211505105
72	0.0257769184112838
143361	0
1318	0.034473903581008
2047	0
74426	0.00360124257392845
1379	0.00339374890071638
39488	0.0113725100826588
1017	0
43768	0.00700774753436194
47671	0.0158234017350443
626940	0.0589682502368934
28118	0.0133775316901322
28129	0
1639	0.0006664685706797
486	0.00866155435964134
1590	0
454155	0
69823	0
328814	0.0309607827014499
139208	0.00364537116954868
301301	0.00263388347186015
458033	0
28112	0.0121376917049131
755731	0.0097206266443396
29394	0.00269612375353257
859	0
214856	0.0015018628509205
1750	0.0304872344987767
1244	0.00444737722051145
1252	0.00235309727286378
204	0.0203794935003231
1334	0
2751	0.0162891401676279
181487	0.00781392488777766
157687	0
45634	0.0139451228814355
1338	0
1328	0.00965035229670915
33011	0.00445896987663191
504	0
157692	0.01646534560658
33038	0.00900087128436871
28135	0.0481489894586167
33033	0.00119885684815479
495	0.00570593123410572
1744	0.00810070742961319
28026	0
1689	0.0103934628687276
824	0.0209014764242405
199	0.00327175573732421
714	0.0181157698794959
28131	0.0372820780661848
649756	0
47678	0
1019	0
489	0.00539794108170638
329854	0.0158658294446975
484	0.010463711205187
641149	0.0141553458905652
157688	0.00818385252120555
157691	0
735	0
249188	0
483	0.00556783879348971
739	0.00258073170496344
29391	0
113107	0
39778	0.00107084694260507
