1314	0.00518830175262775
1358	0.0176082208649003
1311	0.0286308478305359
1309	0.00964622325609638
216816	0.00297589358933797
1282	0.00342237149666999
158	0
1747	0.00562212678763614
210	0.0085430782025256
1299	0
487	0
1680	0.00635306001185946
837	0.00341098052396977
43675	0.0121672699381983
823	0.00658339673359013
Synechococcus_sp_JA_2_3B_a_2_13	0.000723246569841053
1280	0.00702626427466679
1063	0
357808	0.00963843086550375
200	0.0160561048342171
28151	0.0235644972253149
239935	0.00180227131254062
39491	0.0021622072856142
721785	0.0145259134127396
169292	0.00178039475191354
732	0.0126196248948739
161879	0.00243692433457485
1018	0.0199893995687254
84163	0.00351483088898741
40542	0.000951135537804278
1382	0
29466	0.00288685387207446
2702	0
553	0.00276200382231554
1584	0.0110865397012216
47770	0.00445069723905246
133926	0.00110255495751717
28132	0.00297458280278282
Eubacterium_eligens	0
166486	0.00165938792458816
1322	0.0251663588069832
860	0
851	0.00782542414594346
539	0.00233628825327314
2718	0.0181594903809353
853	0
72	0
143361	0
1318	0
2047	0.000496776677367972
74426	0.0047434449175771
1379	0
39488	0.0185459487532106
1017	0.00268757113599608
43768	0.00390074306336996
47671	0.00149082475540564
626940	0.0175424009836724
28118	0
28129	0.00490092486132299
1639	0.00594644446823596
486	0.00539294119891466
1590	0
454155	0.0174484840240848
69823	0.00994659685012706
328814	0.00461685726339061
139208	0.0351727701217436
301301	0.0076578280780829
458033	0.0523252009044859
28112	0.0013924648905527
755731	0.00576150082160003
29394	0
859	0.0185357072881369
214856	0.0225058007046544
1750	0
1244	0.000560622705795504
1252	0.0107715216555073
204	0.0120771668153068
1334	0.0116572343005691
2751	0.0537332136445878
181487	0.00151130530355902
157687	0.0106880528206041
45634	0.00178601970659395
1338	0.0137864628811498
1328	0
33011	0.00469907455025831
504	0.00953011712737555
157692	0.0205196018090237
33038	0.0122635506328
28135	0.04318994783747
33033	0.00424062403112006
495	0.00862578886415097
1744	0.00631007716864966
28026	0.00409102778080283
1689	0.00236075876678411
824	0.00152011875890387
199	0.00152353464670382
714	0
28131	0.106782811795749
649756	0.00274345368148444
47678	0.0246321480664008
1019	0.000999760275710745
489	0
329854	0.00604339251463745
484	0.0253959815633505
641149	0.0056309333196931
157688	0
157691	0.00520043936681308
735	0.00890466921731252
249188	0.00926403121365733
483	0.00105826979549216
739	0
29391	0
113107	0.0154946725463441
39778	0.00403918442175467
