1314	0
1358	0.00715743211478303
1311	0.00805508819010252
1309	0.00535333152820841
216816	0.00750203969941034
1282	0.000571030571461241
158	0.00650664409705586
1747	0.0163084156688564
210	0.0194239350709855
1299	0.00649972238842929
487	0.0117684560776915
1680	0.00129892113216725
837	0.00295618126379363
43675	0.00444196535002142
823	0.0330738261468409
321332	0.00627847991403152
1280	0.00668307093162445
1063	0.0239150951793479
357808	0.0113971320273277
200	0.00110629300866462
28151	0.00230672388513758
239935	0.00459283312482186
39491	0.00380638967980422
721785	0.00540609299520315
169292	0.00615287406531073
732	0.0107810257973829
161879	0.0848627781747541
1018	0.00283287279727729
84163	0.0023258631202975
40542	0.00377900011495522
1382	0.00398199046391703
29466	0.0135727322195854
2702	0.00433048848087857
553	0.0209192638358285
1584	0
47770	0.00401795973442626
133926	0.00321441531454756
28132	0.0121715581221094
39485	0.014838380498987
166486	0.00919425054020123
1322	0
860	0.0127248466090287
851	0.00644805988707971
539	0
2718	0
853	0.0399868807999553
72	0.0176716107206218
143361	0.0171059686619321
1318	0.0283308112784962
2047	0.00167413127101611
74426	0.00412880331693421
1379	0.00262717391457134
39488	0.00986481569339365
1017	0.0302193357970709
43768	0
47671	0.00635517316773579
626940	0
28118	0.00780236983316442
28129	0.00723655197044793
1639	0.00647665453646227
486	0.00568505734731332
1590	0.0384217226608407
454155	0.00539435219502547
69823	0.00470253944300968
328814	0.00129978654163336
139208	0.000975500867105939
301301	0
458033	0.00731728718842362
28112	0.00210317877455153
755731	0.000785574725626697
29394	0
859	0.00766701629029108
214856	0.000954308635787298
1750	0.0263230936648163
1244	0.0141843761123642
1252	0.0132288767169188
204	0.00782514571677067
1334	0.00472520828152253
2751	0.00557215299579522
181487	0
157687	0.0168871618696284
45634	0
1338	0.00738037160553259
1328	0.00280518701071345
33011	0.0294081073201987
504	0
157692	0.00866159978443172
33038	0.00158496669288623
28135	0
33033	0.00136264088110544
495	0
1744	0.00435968408173429
28026	0.00550326604245449
1689	0.0100365972694656
824	0
199	0.000799256003721619
714	0.00227285752051702
28131	0.0143826522828154
649756	0.00948040946935622
47678	0.00257921844489065
1019	0.0212688238291003
489	0.0160637299343412
329854	0.00400125269017384
484	0.0129052719509948
641149	0.00172941402228738
157688	0.000981710343665857
157691	0.0123952751346366
735	0.00461596920563352
249188	0
483	0.00543485980792747
739	0.00787768083621938
29391	0.0332909075456966
113107	0.0163014759957909
39778	0.00642673348214413
