1314	0.00118454428072875
1358	0.00327480799253854
1311	0.000879848300302373
1309	0
216816	0.0154434272254998
1282	0.00605190343288493
158	0.0192536193930529
1747	0.000634807906377619
210	0.00655781781391794
1299	0
487	0
1680	0.140602010055355
837	0.00950712579479471
43675	0.00179354064558114
823	0.0198487978995805
321332	0.00176127261916812
1280	0.00194453269193144
1063	0
357808	0.00191829158302751
200	0.0069600019443982
28151	0
239935	0.0025691805870277
39491	0
721785	0
169292	0.00183043425134789
732	0.00563872076451597
161879	0.0153824516799469
1018	0
84163	0.0355017254406928
40542	0
1382	0
29466	0.0123219156449479
2702	0.0152014002633414
553	0
1584	0.00765665964308674
47770	0.00206212156507697
133926	0.0022699739524634
28132	0.00568277671606364
39485	0.00427633841578081
166486	0
1322	0
860	0.0178365396081744
851	0.00834003514520792
539	0.00280753160739806
2718	0.00990825450450616
853	0.0020772588316829
72	0.00821953792125692
143361	0.0141167030171665
1318	0
2047	0.0117886227095679
74426	0.00762717742413075
1379	0.00994010705218552
39488	0.00931039256789101
1017	0.00349134225898624
43768	0
47671	0
626940	0.00728974932463855
28118	0.00435791383998249
28129	0
1639	0
486	0.0069712090056572
1590	0.0228533679518747
454155	0.00217601705030127
69823	0.0164554285504865
328814	0
139208	0.000839642032868446
301301	0
458033	0.00496817687194716
28112	0.00236913924033898
755731	0
29394	0.00988894641445339
859	0.0075116209937692
214856	0.0239365603125009
1750	0
1244	0.0108321539668703
1252	0.00979495557078455
204	0.01648072640236
1334	0.0136168705873093
2751	0.0259840666732231
181487	0.0348958865611064
157687	0.0391848575655811
45634	0.00729381603016585
1338	0
1328	0.00404641872529283
33011	0
504	0.013261634297576
157692	0.00800436450208578
33038	0
28135	0.00443761923752633
33033	0.0050586631719237
495	0.00313024151672739
1744	0
28026	0.0146400078000151
1689	0.00359378114263559
824	0.00865794448474284
199	0.0071661737436671
714	0
28131	0
649756	0.0103013357249329
47678	0.00797617442202626
1019	0.0040490244271256
489	0
329854	0.00290741025868212
484	0.0103174914205665
641149	0.0124417700669843
157688	0.000832620527375989
157691	0.0073042149788138
735	0.0411551988067697
249188	0.0233584152324917
483	0.0248923892778637
739	0.0260038754181927
29391	0.0317270435973202
113107	0.00356153112085697
39778	0
