1314	0.00305419406611139
1358	0.0131055633684682
1311	0.00396565990285398
1309	0.00537379341370485
216816	0.0273567264566564
1282	0
158	0
1747	0.0133950077414106
210	0.00875122004913959
1299	0
487	0
1680	0.0102037409729552
837	0
43675	0
823	0.0023350785677895
Synechococcus_sp_JA_2_3B_a_2_13	0.0073307556746769
1280	0.0302961552920647
1063	0.0121544802437556
357808	0
200	0.0670356147979236
28151	0
239935	0.022034659909822
39491	0.0064905342043481
721785	0
169292	0
732	0.000952567549280605
161879	0
1018	0.00148947918003151
84163	0
40542	0.00847845995091278
1382	0
29466	0
2702	0
553	0.0107377033122755
1584	0.00618055809880493
47770	0
133926	0.00520908815831655
28132	0.00529208965543439
Eubacterium_eligens	0.0188284965235538
166486	0
1322	0
860	0.00192130224371778
851	0.00973319871796362
539	0.00379738999985613
2718	0.0398226994276906
853	0.0267750305702876
72	0
143361	0.0345245888643034
1318	0
2047	0.0288894874069419
74426	0.00730038648490376
1379	0.00222935724768557
39488	0.0107390137162163
1017	0.0148116943316049
43768	0.0143647273151456
47671	0.0316570700964298
626940	0.00770334321268852
28118	0.0312414022931578
28129	0.0252840388806029
1639	0.00963910998148006
486	0.00460425522837834
1590	0
454155	0.0176571166241625
69823	0
328814	0.0201690066500833
139208	0.010067945322299
301301	0
458033	0.00173540599910036
28112	0
755731	0
29394	0.0136971011881457
859	0.00580668490192425
214856	0
1750	0
1244	0.00254608810291563
1252	0.0107597422121069
204	0.0156341642806128
1334	0.00746429908101097
2751	0
181487	0
157687	0
45634	0.00700466050254036
1338	0.00980619749522962
1328	0
33011	0.013042358202685
504	0
157692	0.0162408356473251
33038	0
28135	0.0114171690824359
33033	0.00236372543617921
495	0.0107088639255963
1744	0.0020887364749646
28026	0
1689	0.10791176199113
824	0.00636349888681177
199	0.00662631429346868
714	0.0120096432078156
28131	0
649756	0.00217178359908533
47678	0.00450069820513132
1019	0.00994109316521404
489	0
329854	0.00946592269105061
484	0.00206448430028331
641149	0.00988042691203767
157688	0
157691	0.00451080565626346
735	0
249188	0
483	0.0314346067819186
739	0.013130397680419
29391	0
113107	0.00668873839070806
39778	0
