1358	0.002371062930581
1311	0.0129379422216591
1309	0.00583290475677534
216816	0.00427716031536894
1282	0.00181282310855721
1747	0.00263312295066293
210	0
487	0.00415409177878652
29385	0.00326189854192068
1260	0.0161620475418836
43675	0.00058711961848834
823	0.00125617024758382
1280	0.00285824881759788
39491	0.0120575582606009
721785	0.0141546539418829
169292	0
732	0.0411095838741419
161879	0.00935105568564868
1018	0.00293866582402534
40542	0.00166775044708734
33034	0.00279422096400643
1382	0.0213988832506166
29466	0
28035	0.00981156459780692
2702	0.0147695901928641
47770	0.0025456972642066
480	0.00225029770003696
38288	0.0132444084228275
28132	0.0741481997015471
Eubacterium_eligens	0.00520076373072633
166486	0.0106374390042198
850	0.00913105521584641
860	0.00794046044909193
851	0.00963556368922899
539	0.00297611632238615
2718	0.00188792987599821
853	0.0368154372757273
1318	0.0209302086332659
2047	0.0133969475186206
74426	0.00395803282303102
1379	0.00537556651514754
1017	0.0434945501337536
43768	0.0247676311618523
54005	0.00574974514686669
47671	0.0121453582910247
28118	0.0128556448254304
69823	0.00259595974766301
328814	0.00102433317332042
139208	0.00595090303737305
755731	0.00591655559119877
29394	0.00309551177524464
214856	0
1750	0.00186999793332391
33010	0.00525240142858414
108980	0.00417170110421919
40216	0
157687	0.000911762051275353
28189	0.0316165175923341
45634	0.00441806663991204
1338	0.0646126877374747
1328	0.0274829093079091
33011	0.0149680155319567
28135	0.00917295307871097
495	0.00430236902804543
29382	0.0161174421151235
1685	0.00515173665848199
827	0.00510305981041411
199	0.135397768120781
109790	0.00362616253077979
28131	0.0263711820369558
43770	0.00167992143428406
47678	0.00415459264605896
1019	0.00636477784703568
106648	0.00310421228122827
329854	0.00373556625631588
293	0.00529071600343877
484	0.0387542745059794
641149	0.00592088807240697
157688	0.0148409171596314
735	0.00660716626007081
483	0.017280206264481
29391	0.00173820584006978
113107	0
39778	0.00411338582853497
