1358	0.000747390685215634
1311	0.00863444077396587
1309	0.0157985066447544
216816	0.0416953598273623
1282	0.00384674103503014
1747	0.0120031752401314
210	0.0124781241788478
487	0.0104596505017591
29385	0.00107367927462161
1260	0.00208604636315821
43675	0.0205745052863526
823	0.00199371178105913
1280	0.00158573156713986
39491	0.014506006549969
721785	0.0299210372554065
169292	0.00815562442599627
732	0.00463969427815983
161879	0.0866262867485332
1018	0
40542	0.0120130656301265
33034	0.0051087165851513
1382	0.0117059969371465
29466	0.00219153789318989
28035	0.00107808763873485
2702	0.00661155915450299
47770	0.00969743844087206
480	0.00383300412144083
38288	0
28132	0.0136863191485689
39485	0
166486	0.0175596671362279
850	0.00501546280637965
860	0.00345973136892767
851	0.00900256092535036
539	0.0340041731356994
2718	0.00427105074693366
853	0.00424807958892496
1318	0.0121066316352592
2047	0
74426	0.0175680023975842
1379	0.066417649554049
1017	0.0137173885867854
43768	0.00321416092705202
54005	0.00807361479089746
47671	0.00320572215690453
28118	0.0246511010907722
69823	0.00419107989778055
328814	0.00236563530945036
139208	0.0244772502654478
755731	0.0012474174660313
29394	0.0119049524676867
214856	0.0105424318174026
1750	0.00644344301471805
33010	0.0118963036596608
108980	0.0179814363926149
40216	0.00814830107147246
157687	0.0318889243030199
28189	0.00199991724470443
45634	0.0233832511094619
1338	0
1328	0.00951869359496425
33011	0.0171852375482684
28135	0.00683451031578493
495	0.00271478887981265
29382	0.0802526074523327
1685	0.00306891947570343
827	0.0130798105734582
199	0.0240967906121021
109790	0.00136440066636422
28131	0.0108074329374421
43770	0.0115748692442838
47678	0.00166533185982672
1019	0
106648	0.0312001152212698
329854	0.00412853144435422
293	0.00404937219762069
484	0.00798553554997036
641149	0.0106236443566071
157688	0.0091590084898739
735	0.0044916110440364
483	0
29391	0.00535454149822955
113107	0.00657527712045951
39778	0.00853219108283917
