1358	0
1311	0.0673739685675767
1309	0.0033292984867784
216816	0
1282	0
1747	0.0283992096325804
210	0.00730868457115273
487	0.00636766140336188
29385	0.00643589574918577
1260	0.00877855179232491
43675	0.00674869618783246
823	0.00889370991233477
1280	0
39491	0.00155431255374117
721785	0
169292	0.00291958049795954
732	0.153164969723525
161879	0.0101325077715772
1018	0
40542	0.0096362149810236
33034	0
1382	0.0378146745832101
29466	0.023456794061374
28035	0
2702	0
47770	0.00841711711791865
480	0
38288	0.00587643819489677
28132	0.00472178451636743
Eubacterium_eligens	0
166486	0
850	0.00326353998065238
860	0.0119247809427434
851	0.098413713761671
539	0.00359354524654995
2718	0.0228581103818081
853	0
1318	0
2047	0
74426	0
1379	0.00879176242800123
1017	0.00241776731544953
43768	0.00566110275520117
54005	0
47671	0.00649004709704649
28118	0.0168542250176096
69823	0.00675713543016862
328814	0.0047171224150103
139208	0
755731	0.00455764368028837
29394	0
214856	0.00253852184947111
1750	0
33010	0.00696386828774112
108980	0
40216	0
157687	0
28189	0
45634	0
1338	0
1328	0.105998573540062
33011	0
28135	0.00322595588076424
495	0
29382	0.0269885972911913
1685	0.0299376699210813
827	0.0206775068460135
199	0.00490006026423089
109790	0
28131	0.00241226815426187
43770	0.0957891256683959
47678	0.00170998070258307
1019	0.00867425189147652
106648	0
329854	0.00328590101466534
293	0.00661744315775112
484	0.0393580031452624
641149	0.0100368520158335
157688	0
735	0.00872407424835903
483	0.00365712662100629
29391	0.0150160231526535
113107	0.00585762959027364
39778	0
