1358	0.000570293459721731
1311	0.0479208427217459
1309	0.00744276444982419
216816	0
1282	0
1747	0.0164754847372923
210	0.0167247530189744
487	0
29385	0
1260	0.00124236802899804
43675	0.0243449440214589
823	0.0215004399793686
1280	0
39491	0.0141402765570896
721785	0.0382913703373506
169292	0
732	0.0150001080705976
161879	0
1018	0.0406958956999358
40542	0
33034	0
1382	0.00777614396107763
29466	0.0498913442490513
28035	0.00330286041931488
2702	0.0448014925382632
47770	0
480	0.00658425700896299
38288	0.00153227574981108
28132	0.00192200201378584
39485	0.00262081606087527
166486	0.00762554459215456
850	0.00474418298866241
860	0.01424222176912
851	0.00654038570467516
539	0.00562426868239494
2718	0.0157914707988021
853	0.0237793976446523
1318	0.00780306237479673
2047	0
74426	0.0391529813645601
1379	0.0320131618011914
1017	0.0126208113065654
43768	0.00186606610906051
54005	0.0310610995118256
47671	0
28118	0.0050236625930334
69823	0.0103314729001626
328814	0.0502217102315274
139208	0
755731	0.00664546455467954
29394	0.013481475792359
214856	0.0183965017435246
1750	0.00112793485099635
33010	0.00286330825899152
108980	0
40216	0
157687	0.00822590944965892
28189	0.0106755881488717
45634	0.00590450571299513
1338	0.00593917745015036
1328	0.00969573149883806
33011	0.0293016109118137
28135	0.00205721556597187
495	0.00247058143409242
29382	0
1685	0.0269555180676673
827	0.0143152336137461
199	0.00959647678746596
109790	0.00949250687684551
28131	0.0110600648457442
43770	0
47678	0.00863634750946001
1019	0.0390032806305293
106648	0.0139205366542215
329854	0.0187442705544913
293	0.0110154111953264
484	0
641149	0.0207905331402626
157688	0.0205379591556689
735	0.00397820886325168
483	0.00437133663046686
29391	0.00550088363885973
113107	0.0241606769366563
39778	0.00991351606970906
