1358	0.00748422582580213
1311	0.0179431553103242
1309	0.00415795175579996
216816	0
1282	0.0167391644355082
1747	0.00478703431418204
210	0.00274002860058879
487	0.00291592795877268
29385	0.0357305470089668
1260	0.00410020862920821
43675	0.00358225521734421
823	0
1280	0.00772524154058955
39491	0.00286343248720396
721785	0.0046712008687011
169292	0.0719960580913407
732	0.000794947861802703
161879	0.0026916042493887
1018	0.00380670653926666
40542	0.00650324723093616
33034	0.00521248051911689
1382	0.00463989366281096
29466	0.00219181706310508
28035	0.00949616666392365
2702	0.0065156203081344
47770	0.001232907780366
480	0.02170354107779
38288	0.0178528248569409
28132	0.0212883088466352
Eubacterium_eligens	0.00334676066346982
166486	0.00355902976856991
850	0.00627955301398963
860	0.00729008433265679
851	0.00564935009428721
539	0.00121312595965988
2718	0.00271411946501293
853	0.00473904945602985
1318	0
2047	0.00859234332086263
74426	0.00514428939121919
1379	0.000896934723323346
1017	0.0163311083870694
43768	0.00156557183203612
54005	0.00314513537799306
47671	0.0363506679359902
28118	0.00529547905119941
69823	0.0264499806376334
328814	0.0101415451879354
139208	0.0113717460595474
755731	0.00757335068991566
29394	0.0105167595035691
214856	0.109594830272193
1750	0.00934291792432904
33010	0.0122695710219718
108980	0.00838109560331201
40216	0.0483113086630972
157687	0.0305089391167228
28189	0.00439286314083508
45634	0.0696475693332505
1338	0.00969431907528281
1328	0.00833007736748819
33011	0.00791609763905761
28135	0.00659728652587807
495	0.00515987747612567
29382	0.0169908234540407
1685	0.00365195667359952
827	0.0275825445320407
199	0
109790	0.025916408560386
28131	0.00444395430329578
43770	0.00271336715275145
47678	0.00317346102391241
1019	0.00752720964177375
106648	0.0179098181421792
329854	0.00420937564631904
293	0.00974566889099035
484	0.00805029753108787
641149	0.0215274358817778
157688	0.00259035440004129
735	0.00408395470338324
483	0.00250668841577405
29391	0.024145533011317
113107	0.00523961453719184
39778	0.00831229678207388
