1311	0
216816	0.00949629334639316
1282	0.0257989651999235
1747	0.00687009494574899
210	0
1260	0.0158736122316754
43675	0.0223290584613768
823	0
1280	0.0136032563282303
134821	0.00423515245495483
239935	0.0377558877603232
39491	0.415795189428984
169292	0.0291325627285873
1018	0
2702	0.0239922979042638
884684	0
1584	0
2098	0
47770	0.00990966908215916
28132	0
860	0.0232867811703925
851	0
853	0.041056718580384
1318	0
2047	0.00452233596635019
43768	0
54005	0
28118	0.0547552823715165
28129	0
2051	0
328814	0
28123	0.0283759018936342
755731	0.0168007326781547
97478	0
214856	0.00490512349063198
13690	0
33010	0
157687	0
1328	0.0149395809840049
1685	0
1689	0
827	0.0690663461949794
199	0.00271242151382585
109790	0
47678	0.0131547281155843
329854	0.00956834317609297
39778	0.102063663991828
