1311	0.0773024136729381
216816	0.0061771123374476
1282	0.00938044112799174
1747	0
210	0.00853330481072683
1260	0
43675	0.0603587510043034
823	0.0686347136452086
1280	0.0532247424121955
134821	0
239935	0
39491	0
169292	0
1018	0.0433487870527998
2702	0
884684	0
1584	0.033259950692177
2098	0.0640088665503966
47770	0.0110056026760907
28132	0
860	0
851	0.00663380735786675
853	0
1318	0.0197496218091831
2047	0.0169837371386305
43768	0
54005	0.0340320599919046
28118	0.0255664104477113
28129	0.0198680473278625
2051	0
328814	0
28123	0
755731	0.04029374598022
97478	0
214856	0.0654294438060217
13690	0.027495739555521
33010	0.0121019103225839
157687	0.0111911539229836
1328	0.0244183076226224
1685	0
1689	0
827	0
199	0.142007489328714
109790	0
47678	0.0159855856333337
329854	0.0254036264673112
39778	0.0776046273052536
