1311	0.0162652584498237
216816	0.0199334161794617
1282	0.00466223853913404
1747	0.00789020336165098
210	0.0320818504437692
1260	0.0161576488217459
43675	0.0181727250259322
823	0.0352416708390963
1280	0.00122016415376565
134821	0
239935	0
39491	0.0122495107390556
169292	0.00306727453886204
1018	0.00689932422127652
2702	0.00560441307124252
884684	0.00992302497299854
1584	0
2098	0.00668858712692471
47770	0.00297464549965446
28132	0.00536844118215433
860	0.14348582416824
851	0.0119160646427425
853	0.00881041085431186
1318	0.0281564309940242
2047	0.00797244129559118
43768	0
54005	0.0405402622368474
28118	0.120574042527368
28129	0.0491346609209341
2051	0.00494899415736347
328814	0.0208819224035602
28123	0
755731	0.0171713962695474
97478	0.0208356658816173
214856	0.0126455987011271
13690	0.00825381979972659
33010	0
157687	0
1328	0.101486507171588
1685	0
1689	0.0194111335811393
827	0.097987191898046
199	0.0207019547822079
109790	0.0361601991890203
47678	0.0133239921145122
329854	0.011201089243936
39778	0
