1311	0.00868741355809589
216816	0
1282	0.0150564413258339
1747	0.026265913530326
210	0.035616111727836
1260	0.00375356330723015
43675	0.158035534571139
823	0.0266793791884448
1280	0.0816388943466513
134821	0.00394226456182459
239935	0
39491	0.103797157999099
169292	0
1018	0
2702	0.0084657912468274
884684	0.00655850666095555
1584	0
2098	0
47770	0.0365185094413162
28132	0
860	0.0412202911019493
851	0.0154227600235903
853	0
1318	0.07261504992621
2047	0.0458107179615142
43768	0
54005	0
28118	0
28129	0
2051	0.0555412367512208
328814	0.0124074808674471
28123	0
755731	0.00943164757824635
97478	0
214856	0
13690	0.0242154082516608
33010	0
157687	0.0074750815987462
1328	0.0424090529378166
1685	0.0300171745086693
1689	0.101050927429632
827	0.00861797579924404
199	0.00633548217828105
109790	0
47678	0.0124142316201923
329854	0
39778	0
