1311	0
216816	0.125882195119277
1282	0.0173736188427997
1747	0
210	0
1260	0
43675	0
823	0.0141264488422813
1280	0.00925933113963496
134821	0
239935	0
39491	0
169292	0
1018	0
2702	0.0791678026236635
884684	0
1584	0
2098	0.0312639191507331
47770	0.0102694234717265
28132	0.0692901186960038
860	0.0252721030029788
851	0
853	0
1318	0
2047	0.0105789897038038
43768	0
54005	0
28118	0.0248347426652259
28129	0
2051	0.00634658430932371
328814	0.0653214925584635
28123	0.056561015392036
755731	0.0794798679078243
97478	0.010310597561753
214856	0.0422659358593509
13690	0
33010	0
157687	0.124195785451274
1328	0
1685	0
1689	0
827	0.126029165761274
199	0.0157308482554988
109790	0
47678	0
329854	0
39778	0.0564400136850737
